7.42341505960245e+04
3.68550665278602e+04
1.01294564051610e+05
1.11249417430161e+05
1.57265771451319e+05
2.12002190791243e+05
2.32048383955312e+05
3.26160801171804e+05
3.43425422277167e+05
3.84547880843953e+05
2.59873087544588e+05
3.01052221664409e+05
2.38540223894413e+05
2.15639949289211e+05
2.27177134213777e+05
1.93441248402719e+05
1.99563418103776e+05
1.17756494172139e+05
1.32567979596225e+05
1.77247731356368e+05
2.06362906889404e+05
3.14460166533914e+05
2.14958157102107e+05
2.28900582278426e+05
2.30151607449024e+05
1.97134121558038e+05
2.63818865713742e+05
3.15604172822949e+05
3.91817156170209e+05
3.44357916954844e+05
2.63306582690399e+05
2.68696053814340e+05
2.17897777162685e+05
1.90396106563052e+05
1.80691354391607e+05
2.10179698596544e+05
2.62795539116339e+05
2.19874408326077e+05
1.74556387259489e+05
2.11375866470335e+05
2.23707426541371e+05
1.89673418271518e+05
1.95698853832948e+05
2.15807528725936e+05
1.65938351308699e+05
2.19559292523082e+05
1.39897536571341e+05
1.24249847583622e+05
1.54045739003558e+05
1.55124861337446e+05
1.23586807835173e+05
1.35511603418530e+05
1.13022322218116e+05
1.26200747080905e+05
1.84327432659411e+05
1.83631097942018e+05
3.20054489180883e+05
3.30749449169309e+05
3.46792021370873e+05
3.83150343268939e+05
4.11888442918908e+05
3.95937444149691e+05
3.45065333407523e+05
4.01426822912621e+05
3.06547415681352e+05
1.64016291548649e+05
8.11807922630052e+04
9.63108150499003e+04
3.52898676053377e+04
6.50683068281328e+03
1.88263289862570e+04
2.58010800181664e+04
3.47096702602513e+04
6.13329294485381e+04
6.53323814956444e+04
7.23880835945526e+04
8.06243382641877e+04
6.57827457016075e+04
4.53356640306987e+04
7.91577961477259e+04
7.03325012071677e+04
5.48435161549303e+04
6.27605091839245e+04
6.39539323944269e+04
7.17113442643467e+04
3.16917883701846e+04
5.24658812062207e+04
4.54033990543233e+04
8.57670299097611e+04
5.36517558207778e+04
5.04171495202465e+04
6.90961720259618e+04
6.31450038722949e+04
5.89562236634998e+04
5.62168639918034e+04
1.02347239329698e+05
1.08336991029313e+05
1.38596024716131e+05
9.46633786769782e+04
1.34098704318152e+05
5.94008161221586e+04
6.90930951833156e+04
4.59643964287410e+04
7.14957570432072e+04
7.13428190041945e+04
5.30343016028340e+04
5.33703337021382e+04
4.94357440818508e+04
6.83608740525556e+04
5.79921220089978e+04
7.61955346208231e+04
7.07485658557157e+04
5.42955145612583e+04
6.20145886762071e+04
4.32687861489664e+04
4.55531885224456e+04
4.34389224211518e+04
6.06247728699876e+04
3.09026607080044e+04
4.26883538021479e+04
3.43899240341084e+04
2.69445670160028e+04
5.62850401747486e+04
3.91993680919640e+04
6.57581722358644e+04
1.03647217726631e+05
8.08453993699947e+04
1.17859110056792e+05
8.60615182245575e+04
1.06382400829540e+05
9.41517641041322e+04
9.29537955275438e+04
7.58834212816551e+04
1.97900624323705e+04
2.09838613212724e+04
2.92537377801952e+04
5.39516199932779e+03
4.73105774079617e+03
6.88635470177876e+02
1.37192346921222e+04
1.88723122331224e+04
1.95934126556095e+04
1.98460309303379e+04
2.32035737293182e+04
3.94818447088498e+04
1.50939994027709e+03
1.88407397096145e+04
9.71302648200751e+03
2.72694381142042e+04
2.49260592169836e+04
2.16927989072471e+04
2.81713675524075e+04
1.04445966326972e+04
1.76242944316945e+04
1.68657185273426e+04
2.12389131507467e+04
2.92559204266580e+04
7.07021804436021e+03
9.62206874978413e+03
1.88064469746143e+04
1.60997059773658e+04
1.58940619109673e+04
1.86596700615329e+04
3.05143237208466e+04
3.80426929924857e+04
2.97500012791899e+04
4.37506874555077e+04
2.40904917739063e+04
1.99126119464851e+04
1.58708169943334e+04
2.15900018487533e+04
2.72515273369811e+04
1.49208523906553e+04
1.83487518069497e+04
1.72504000353127e+04
2.28148415152887e+04
2.89798463222571e+04
2.85599541161500e+04
3.07842621503952e+04
2.04070026678830e+04
2.58279821158971e+04
1.17342496826213e+04
2.10827344069015e+04
1.38574309138673e+04
1.88453378951924e+04
1.72979878468138e+04
1.79061976974217e+04
1.01310454494517e+04
1.48984080608191e+04
1.28872540514334e+04
1.13295588860319e+04
1.61632701569177e+04
2.60672148364454e+04
3.75046898074558e+04
1.81004479234591e+04
2.46995639769409e+04
2.36470663651263e+04
2.02300421131496e+04
2.61726846636009e+04
2.66442972557581e+04
1.89519743623776e+04
-2.04151481573147e+04
1.73972840805650e+04
5.77969456556278e+02
1.51100124565231e+03
-2.29403975687558e+03
9.26392956418699e+03
4.33285520739969e+03
6.96532291690061e+03
4.12673453947190e+03
9.23428389065200e+03
6.31068614981310e+03
-6.61891362281618e+03
1.55308886853979e+03
-1.92229612283293e+03
1.45820885798257e+04
3.56903242759508e+03
8.56803606487510e+03
1.24887716537608e+03
3.79757636294204e+03
4.97284783187000e+03
4.92930065466133e+03
8.13359272554792e+03
2.93740620559299e+03
1.38807782042908e+03
-2.62107371265944e+03
6.72860093855114e+03
4.95578005696136e+03
3.27231831070187e+03
5.18630530832819e+03
8.61227094471926e+03
7.52263083843414e+03
9.71366166782947e+03
5.89957623635096e+03
4.67975090787833e+03
4.40233696352944e+03
5.13288475288092e+03
9.25114096547133e+03
4.28447311121451e+03
3.82545756387944e+03
5.39585931353918e+03
4.89360535081151e+03
9.91235428323462e+03
1.16948198705016e+04
9.43046009583819e+03
6.09557554885009e+03
9.30585238885310e+03
3.27331048885454e+03
4.81367342711134e+03
6.13439098275314e+03
3.24847850394592e+03
5.88210954397813e+03
7.17558531742338e+03
3.60770759773299e+03
1.36640706733046e+03
6.64514294411561e+03
-5.50082541561623e+01
4.41582228449583e+03
6.41842092980677e+03
5.52952258412486e+03
1.17831158937939e+04
-6.24926965369153e+03
5.43754056904444e+03
3.54632342567972e+03
-1.61812414326454e+03
7.87601230061238e+03
2.07569788836529e+03
-1.16612489033142e+03
-1.54547391956350e+04
3.34777051455110e+03
8.90963656812893e+02
-2.48049027835638e+03
4.28204312647814e+03
6.08073932653382e+02
2.55446743469259e+03
1.79877716762583e+03
-2.62111618647478e+03
2.16085194116325e+03
-1.01429448530334e+04
3.09609616404072e+02
-3.32079552844930e+03
7.05356077247974e+03
-1.12645762616906e+03
-6.00928511412620e+01
-8.07489801815005e+02
-1.61982871631923e+02
1.09803614222986e+03
1.09905115950168e+03
2.50386479366820e+03
5.24768834578946e+02
-1.12259662745011e+02
-3.82854903374549e+03
3.78299714630289e+03
1.79043155357322e+03
1.87746934790978e+02
1.84401283128437e+03
5.25194268329684e+01
3.67364301568283e+03
-2.21105269585059e+03
3.64848428615337e+02
-8.77183796167685e+02
1.92518431818800e+03
1.52652005469722e+03
2.39041075112709e+03
1.87419747995864e+02
6.23407944679308e+02
2.16510747960861e+03
9.10136439370992e+01
5.55712309446336e+03
3.07472866733520e+03
6.58912641064484e+02
2.82570763982350e+03
1.36775759270683e+03
1.09012827888303e+03
6.13029545389599e+02
2.37300978228657e+03
-1.28978492769774e+03
3.66932466847747e+03
3.91313119200365e+02
5.48696287763167e+02
-7.18571116487186e+02
1.19191265780172e+03
-9.49141109922319e+02
2.25014413628374e+03
2.14626632728303e+03
-4.20520270218179e+01
3.49632852207479e+03
-9.45819257431781e+03
1.56577158030269e+03
-1.53737760924927e+03
-3.63435639825104e+03
5.52361711231355e+02
-5.98901281513054e+03
-1.46848537583048e+02
-1.82626891280462e+04
8.08938950950443e+02
-4.10184262518627e+03
2.86108917204108e+03
-8.76325297544676e+02
2.37194380065812e+03
-2.75610468547266e+03
-2.90645919019552e+03
1.90819970849503e+02
-8.44130774085204e+03
4.66140381102497e+02
-4.17003812472438e+03
5.37543701203552e+03
-4.48521721683152e+03
-3.04804902430995e+02
-1.76673782079847e+03
-1.39038725996701e+03
5.71708738384717e+02
-7.28471270171684e+02
2.42823447545719e+03
-3.45376092426550e+02
4.10013801122011e+01
-3.89488696271962e+03
2.47955454899133e+03
1.28956784932953e+03
-4.00926294734861e+02
-4.59508002047607e+01
1.28261657386720e+02
5.14950100828031e+02
-3.40020945624965e+03
-1.04130220381806e+03
-1.23218849680147e+03
1.45216834296423e+03
-1.04142224525343e+03
9.15300049426614e+02
-6.61929484846716e+02
2.57712290217032e+02
5.80285649896817e+02
-1.00702873682609e+03
3.03472320740964e+03
-8.88754731382275e+02
4.14236505476485e+02
-4.24114125550894e+02
8.18294793196465e+02
-6.08976115691877e+02
7.10245712471002e+01
4.81515699534845e+02
-1.30485258382473e+03
1.91773554581108e+03
-7.47657307996032e+02
1.78131447777648e+02
-2.37117536332162e+03
9.89493910321262e+02
-9.07845985972040e+02
1.45345114521084e+03
1.24236276955804e+03
-1.39822917590383e+03
1.05605148190614e+03
-8.14181873720854e+03
1.07050515050248e+02
-8.64830036041398e+02
-5.44565231591440e+03
-2.33183721442947e+03
-3.99138090272457e+03
-2.70951484062518e+03
-1.43398219610402e+00
-4.03251815653698e+03
2.14081301594591e+03
-4.19814128789485e+02
1.26588887053070e+02
-2.41774010536037e+03
-2.87899933749492e+03
4.66224135536491e+02
-7.07836326140417e+03
3.55469694811892e+02
-3.30259376547992e+03
3.35421136034093e+03
-3.95476842517687e+03
-3.23482882447944e+02
-2.13084745491336e+03
-9.30554467689244e+02
-6.02107981258081e+00
-1.85790800490385e+02
2.31792547111428e+03
-3.16538654548720e+02
8.08769954579744e+00
-3.82570585937398e+03
2.34499368970152e+03
1.22214720108789e+03
-1.13272323615379e+03
6.02441470646458e+02
-6.84868304251919e+02
9.65935934497991e+01
-3.42938372792279e+03
-8.31927068734654e+02
-8.02616726916405e+02
5.95489414695450e+02
-1.47626324422894e+03
7.65065326844426e+02
-4.05454211011675e+02
-2.21139621010432e+01
2.39017712027537e+02
-1.68494520984498e+03
1.48191016118064e+03
-5.11285053006933e+02
-7.77459633332251e+02
-4.94306253765112e+02
3.00895097149935e+01
-5.22564479617331e+02
-4.67668348221044e+02
6.70000273579422e+02
-1.60605424798820e+03
1.67952963493953e+03
-5.38027886842171e+02
-6.27392966059315e+02
-1.76026099189582e+03
1.08653793937643e+03
-6.13369520921934e+02
1.49733203666685e+03
9.04834765457593e+02
-1.97141171612022e+03
1.27722524014417e+03
-7.80232283086170e+03
1.07177743110323e+03
-1.70491442181428e+03
-6.38788160200350e+03
-8.02479759400887e+02
-4.78665288547632e+03
2.72884138870047e+04
7.03251749060833e+04
7.98431427931110e+04
1.14477282876143e+05
1.53517412370531e+05
1.67789439575560e+05
2.29208915005888e+05
2.39984611087188e+05
2.57799014544411e+05
1.83050329100097e+05
2.12122561657084e+05
1.70350732528974e+05
1.54708475966014e+05
1.63140640311931e+05
1.43859190201658e+05
1.41536663078549e+05
8.78489631308812e+04
9.92011696963098e+04
1.32602643695290e+05
1.52589497102941e+05
2.13240259171004e+05
1.53624183977273e+05
1.64900950594032e+05
1.63929303081693e+05
1.42197999789351e+05
1.90828661593919e+05
2.32079164240491e+05
2.85846674628637e+05
2.53529854956900e+05
2.03045107615458e+05
1.99674989438630e+05
1.57507822614814e+05
1.37967225728437e+05
1.32634620590294e+05
1.55384059588808e+05
1.84613690316976e+05
1.55194026458135e+05
1.26239341693136e+05
1.51941565722166e+05
1.61371037618116e+05
1.41297704900368e+05
1.47195815729452e+05
1.55693280685605e+05
1.23499172081034e+05
1.54408475748523e+05
1.02632064799928e+05
9.24272615068179e+04
1.13716372884914e+05
1.12335324072891e+05
8.98594882702831e+04
9.73714233890871e+04
8.11536161167033e+04
9.26855464273353e+04
1.30832181634183e+05
1.32179256274792e+05
2.28132848846970e+05
2.37889420265132e+05
2.48923870949947e+05
2.72875285460606e+05
2.88977580824341e+05
2.80058743496515e+05
2.46536869863627e+05
2.78937848025310e+05
2.07725615028810e+05
1.07605161044580e+05
5.96749502790179e+04
6.56442730877729e+04
1.06482032598886e+04
1.55527100658557e+04
2.47995374715934e+04
3.87928952227556e+04
4.12506117567019e+04
4.52166361831549e+04
5.37726812087929e+04
4.17206903956106e+04
2.60759685830461e+04
4.54449601990415e+04
4.23705139105431e+04
3.93190664016854e+04
4.10609294595681e+04
4.28066030956321e+04
4.37037526857321e+04
2.18394300342649e+04
3.36282279781049e+04
3.08155559282458e+04
5.37958409429165e+04
3.43848462251520e+04
2.86858399009951e+04
3.99716817865948e+04
3.92265926203988e+04
3.63724434151128e+04
3.53464102214721e+04
6.15270489521579e+04
6.87411259517952e+04
8.36088142962446e+04
6.30031932522118e+04
8.12075456285944e+04
3.89690038959456e+04
4.21434670761746e+04
3.09876504582761e+04
4.64412984552978e+04
4.45343327587462e+04
3.35536173973261e+04
3.43445831508756e+04
3.32202808861269e+04
4.55306100221106e+04
4.16735030792306e+04
5.09096565733047e+04
4.62220934463987e+04
3.73253394762707e+04
3.88470717466929e+04
2.86791572350990e+04
3.03780664236520e+04
2.85848628227825e+04
3.81292625377930e+04
2.32097259945917e+04
2.73123962902220e+04
2.23374934258415e+04
1.96939302248636e+04
3.29803818494519e+04
2.55398320830216e+04
4.19670252095857e+04
6.50909420505083e+04
5.27220388205600e+04
6.68646304431071e+04
5.32438392375969e+04
6.23212544529936e+04
5.61946149930900e+04
5.78278953777052e+04
4.72685347532914e+04
9.48578396816475e+03
8.34288392572278e+03
1.85566966489770e+04
2.41358800974344e+02
7.21676728835827e+03
1.17661886615854e+04
1.11196037431015e+04
1.14283345299409e+04
1.32991334341195e+04
2.03461297331641e+04
8.63044206797207e+02
5.86680635132920e+03
4.20738620105217e+03
1.42846093338753e+04
1.57574037243635e+04
1.20047760513773e+04
1.44649114669030e+04
5.57248651089771e+03
9.60891124752746e+03
9.68210135491984e+03
1.22869138253101e+04
1.55342293020585e+04
4.10501612942228e+03
3.92590476876204e+03
8.64777350283937e+03
1.00724543511538e+04
8.97735254817115e+03
1.00373979354323e+04
1.65989567871350e+04
2.01797528776314e+04
1.72452699223511e+04
2.22799399663427e+04
1.28994240174611e+04
1.05888264739367e+04
9.26996022525912e+03
1.27829464415563e+04
1.51822601330951e+04
8.32534772458797e+03
1.01226679755607e+04
1.00685088457271e+04
1.32316735383785e+04
1.80998924989252e+04
1.75004760018693e+04
1.69467990682065e+04
1.26503394835493e+04
1.42224037542919e+04
7.03902800262470e+03
1.16952140858510e+04
8.41175494781819e+03
1.00809283486678e+04
1.08829060174723e+04
1.02417209577125e+04
5.58900700308812e+03
8.18075870205127e+03
7.22875469315592e+03
5.79196744303546e+03
9.72268941381562e+03
1.42863024255278e+04
2.01901849544289e+04
9.56651589679510e+03
9.44621943085538e+03
1.25065332311265e+04
9.08026481637512e+03
1.23651680249638e+04
1.39028618671369e+04
7.74183127496879e+03
-1.25857974048282e+04
2.68007624525428e+03
-1.16537356611010e+03
3.53137781593314e+03
3.25961014962437e+03
3.38380643679007e+03
2.98457026784126e+03
3.11202111117064e+03
2.00386274811180e+03
-4.44478383314685e+03
-2.83228504107823e+03
-1.39059803172886e+03
6.09031918417658e+03
3.55029897762839e+03
2.51525757158887e+03
2.57702702270283e+02
1.04504567398916e+03
2.00446741460366e+03
2.55558432202955e+03
3.97289341234774e+03
2.21411223661614e+03
6.00179497101308e+02
-1.94332841853128e+03
2.12461609218790e+03
3.61046066118355e+03
1.94530638581107e+03
2.48164917061494e+03
3.87183706542811e+03
3.87906970186107e+03
4.29333532606886e+03
1.45209673970808e+03
1.60603767859392e+03
1.82445083375906e+03
3.04956752109244e+03
4.44698024962644e+03
2.43376479420341e+03
1.62095371461371e+03
2.83253472099819e+03
2.55602491854888e+03
5.11208314823878e+03
7.08445452338451e+03
4.49862280434343e+03
3.29389149881106e+03
4.62025956218374e+03
1.98802593664756e+03
2.22776599986515e+03
3.14642603531967e+03
1.61577361113222e+03
2.71033110350879e+03
4.07234212784014e+03
1.55113414525685e+03
5.33181644334926e+02
2.42751019232932e+03
1.74843610755864e+02
1.93400875039922e+03
3.77989807005379e+03
2.87025269793222e+03
5.30304824554339e+03
-3.71155514743127e+03
-7.92082676329768e+02
1.44031235151984e+03
-1.95290743559751e+03
1.66799866093838e+03
-7.45503556177913e+02
-2.43912982285632e+03
-1.07768635504871e+04
-1.70218221275081e+03
6.84883619889492e+02
1.02770879157166e+03
1.24286491705358e+03
6.04283244083317e+02
-2.68785386975034e+03
-2.76002110581587e+02
-5.66446486980430e+03
-2.85907050338418e+03
-2.05785721701551e+03
2.41157037803721e+03
3.10319179740811e+02
-1.76312881981402e+03
-8.38870701820025e+02
-1.13363968249660e+03
7.44866392639016e+01
3.74462172704845e+02
1.30830148628775e+03
1.04713410135152e+03
-1.62894361501292e+02
-2.33769661802414e+03
4.89138854868831e+02
1.92120515871228e+03
4.69640965074728e+02
4.09779986956134e+02
1.33117872002894e+02
1.42135821417328e+03
-1.49028467339438e+03
-1.44000234208556e+03
-9.91781911010374e+02
6.48093032184208e+02
7.61758858208590e+02
6.36178010114974e+02
2.49207588891305e+02
7.56873537928338e+01
1.00486576548913e+03
-2.85412770183344e+01
2.29588936292850e+03
1.88753307450409e+03
5.59887416701783e+01
9.35847230020709e+02
5.28059839093693e+02
4.62558655514244e+02
2.21529863516469e+01
9.46307114912446e+02
-5.71951387395308e+02
1.26869521864644e+03
6.83406012147342e+02
-1.17883728965857e+01
-8.81488987335082e+02
-1.51905123855038e+02
-1.67020130923952e+02
8.75841272658946e+02
1.67063938973429e+03
8.90797329822738e+01
9.22892218103553e+02
-5.00798247205816e+03
-2.51509740177699e+03
-5.86655955090898e+02
-3.10829582899227e+03
-2.61381996727564e+03
-3.85327151428832e+03
-2.37350515479692e+03
-2.45118868676439e+03
-5.39593701044106e+01
4.77847505392867e+02
5.14277418495714e+02
-1.48407592409797e+03
-2.64731780337430e+03
-8.70830201901763e+02
-4.48402959023087e+03
-2.45478288472873e+03
-2.03345231764919e+03
1.36243350153864e+03
-1.20378120209105e+03
-1.69394793726352e+03
-1.28971393448779e+03
-1.46007777687308e+03
-1.78355857733596e+02
-2.26444166447306e+02
1.40862619633440e+03
7.42265689425571e+02
-1.29304324376152e+02
-2.29889081996699e+03
1.38669479105641e+01
1.70023810148989e+03
9.45772432064380e+00
-2.03811058162031e+02
1.01546363921735e+02
-4.28165315157935e+01
-2.00079239607174e+03
-1.85297634842550e+03
-8.78628695820090e+02
3.15805551435876e+02
-5.11681941513818e+02
-2.72221349629431e+01
2.77461714882049e+01
-4.83489734107804e+01
2.73857905600217e+02
-7.02148071015857e+02
6.73411784123951e+02
2.30991348553283e+02
-3.14106944682759e+02
-5.56830184863379e+02
4.91237197796856e+01
-2.87060721026958e+02
-3.33345210889420e+02
2.25960157993084e+02
-6.02765561687890e+02
4.90110370080532e+02
3.23508986670920e+02
-3.82438473694409e+02
-1.44498038718679e+03
-1.17836836460181e+01
2.19241849969963e+01
6.96932485722650e+02
1.25789005578614e+03
-6.66326535049582e+02
1.48129161570161e+01
-4.40002825530733e+03
-2.58193471486986e+03
-3.66813943740184e+02
-4.27699031173220e+03
-3.28921769554293e+03
-2.95866299885158e+03
-2.35376145742640e+03
-1.32127776912632e+02
3.06617540630533e+02
-4.89205631073267e+02
-1.19227500557151e+03
-2.29745103042576e+03
-5.17283216813054e+02
-3.61835653770243e+03
-1.98103644551289e+03
-1.60846353516962e+03
6.33671150578257e+02
-8.31397954871126e+02
-1.59296067659642e+03
-1.15621559539311e+03
-1.11003438646755e+03
-1.86341515546842e+02
2.57089840497073e+02
1.48842638952119e+03
7.32510145432955e+02
-1.72837374015753e+02
-1.99526980592825e+03
1.86643515825416e+02
1.52067631018656e+03
-4.69747466103773e+01
1.80952768606274e+02
-1.34047070008286e+02
-1.33625462822589e+02
-1.77762386396260e+03
-1.38662201360082e+03
-6.12995471184101e+02
-6.25352715621246e+01
-5.41512422216739e+02
1.54162942888612e+02
2.87784617630516e+02
-3.83512320804728e+01
1.41286112127518e+02
-1.15366915409146e+03
2.03268557268011e+02
3.64269671097426e+02
-7.60624073427113e+02
-6.20561231760269e+02
-1.78956177352382e+02
-2.60522481692110e+02
-3.61754797996114e+02
3.84403602553398e+02
-6.12277990593591e+02
6.03422035659446e+02
2.88161297209351e+02
-5.96827633293621e+02
-9.16519474415899e+02
3.09522976806421e+02
3.66548633969186e+02
8.13642578529489e+02
1.01099386967404e+03
-6.56301472365007e+02
-5.10148111193117e+01
-3.88515194765860e+03
-1.98529554957863e+03
-1.05435061166532e+03
-4.08223375703372e+03
-2.41792434598342e+03
-1.96216187998253e+03
-1.09689163215228e+02
-1.36592007608575e+02
-2.72257395294668e+02
-8.63150633693575e+02
-1.75959061879316e+03
-2.50150068613148e+02
-2.80045353519484e+03
-1.52853759362900e+03
-1.45169499322935e+03
8.21056295774428e+02
-5.89774216230299e+02
-1.32137098484623e+03
-6.99434585712245e+02
-8.42466375019328e+02
3.21581099894552e+02
6.04372596162449e+02
1.51851435526227e+03
6.68668865425340e+02
-7.56043836976302e+00
-1.40723734192301e+03
2.54187376627169e+02
1.53144419560503e+03
4.15993377506129e+02
2.64950741132585e+02
7.91828628555356e+01
6.60582383842164e+01
-1.18059594496172e+03
-9.63690829751305e+02
-6.01449645901833e+02
6.12916310470425e+01
-1.11789215725894e+02
5.10869757565219e+02
5.08369867182318e+02
1.36648267046817e+02
-5.70456967404529e+00
-1.08317789729419e+03
5.32443169325005e+02
2.84821227113824e+02
-6.25219285777645e+02
-5.36185452985160e+02
-2.09253407017482e+01
-1.28416951711290e+02
-4.26540654768155e+00
4.44477811843873e+02
-2.33515423684418e+02
6.59288821989217e+02
1.99233125562332e+02
-1.86302790533693e+02
-3.98228446589940e+02
6.88754517431982e+02
6.36040754310422e+02
8.03287389507243e+02
1.06439133860627e+03
-4.71251539694357e+02
-2.00480606547759e+02
-3.09772705469558e+03
-2.30555092592727e+03
-9.98916544924089e+02
-3.13655975438459e+03
-1.63484362724421e+03
-2.76201098602454e+02
1.10770321228796e+02
-4.88171822543566e+01
-5.25047878961766e+02
-1.33107285030780e+03
1.51466133175469e+02
-2.17641665974309e+03
-1.36339878894684e+03
-9.18094426479728e+02
8.95907129564093e+02
-2.97719590092101e+02
-8.67731977137730e+02
-3.93255467233448e+02
-2.41402059040451e+02
7.14979251715703e+02
7.80308043528458e+02
1.48037883306576e+03
8.27312139549140e+02
3.85451284770106e+02
-1.01602806207263e+03
4.51446083504623e+02
1.89367318890800e+03
6.17268833699300e+02
5.21528908358798e+02
3.98103700727192e+02
5.12724441882689e+02
-6.88204021169277e+02
-8.27203444164240e+02
-3.43284184555437e+02
4.83989259243230e+02
3.56920676461158e+02
7.87551300568961e+02
7.53063390204346e+02
2.04456117503667e+02
1.08628636555751e+02
-5.39815196256394e+02
6.33031969490201e+02
4.55510548953146e+02
-3.73127489478521e+02
-2.53936892115249e+02
1.68996107591373e+02
2.51803454493609e+02
1.87017290580106e+02
7.42170273596694e+02
-3.16721450449294e+01
6.03869303230354e+02
5.48072697692019e+02
2.31500640639180e+02
9.68359137001122e+01
9.11373338845098e+02
7.42983299050550e+02
9.98387433003964e+02
1.10768904012054e+03
-4.78521424660585e+02
4.20155770061849e+01
-3.19948942756507e+03
-2.09742975863828e+03
-4.64353833359568e+02
-1.53412446333503e+03
-4.57686507493490e+01
3.26626934312402e+02
1.36594567413963e+02
-2.37926054081031e+02
-8.17936766997541e+02
4.03969128819621e+02
-1.89669889369919e+03
-9.46037000496721e+02
-5.87156391793954e+02
1.01332839633602e+03
1.17384042864736e+02
-5.70136664130831e+02
1.64553687193336e+02
2.37833513995980e+02
8.85240384268019e+02
8.57940677424471e+02
1.62225255454757e+03
1.19212075491226e+03
6.21801000370507e+02
-5.91647212538667e+02
8.97125541092390e+02
2.03639018773013e+03
8.94001777858339e+02
8.11407909293612e+02
8.57352281031758e+02
8.60457709146854e+02
-5.12213127982893e+02
-5.61880449584728e+02
1.24964456538359e+02
8.94150958630757e+02
7.03033017715242e+02
1.02273192678075e+03
8.58613011884992e+02
3.86271500934197e+02
5.44965207031167e+02
-2.45109053331443e+02
8.02313416079475e+02
7.30512005460282e+02
-5.13828508037982e+01
2.82050331012550e+00
5.20625781096347e+02
4.48114595133284e+02
5.19429154818919e+02
8.43460918408994e+02
2.26278692580807e+01
8.70378858507914e+02
9.05680553481521e+02
6.35809441060505e+02
3.71664387930020e+02
1.00124635882545e+03
1.01653893440044e+03
1.06036813880156e+03
9.78719254125911e+02
-2.02810849793052e+02
-4.46865381490307e+02
-2.86135665477910e+03
-1.55327338830487e+03
6.11080878153664e+04
8.78470334683309e+04
1.17659890648118e+05
1.28502760983410e+05
1.75332674684180e+05
1.81409839710141e+05
1.96147932556269e+05
1.37628704909135e+05
1.61148891833964e+05
1.29828639130989e+05
1.18934204350718e+05
1.25604668260861e+05
1.09714701896494e+05
1.08701875788964e+05
6.74806553451236e+04
7.67495187671530e+04
1.02167106133740e+05
1.16245126089723e+05
1.62052606389461e+05
1.16578690644929e+05
1.25092047972014e+05
1.24852852918695e+05
1.08871741342673e+05
1.45878587944403e+05
1.77311560052731e+05
2.18015927328637e+05
1.94747406815750e+05
1.55460394895380e+05
1.53226466971071e+05
1.20470737347437e+05
1.06002684002709e+05
1.02123051868909e+05
1.18822368281197e+05
1.41180410306120e+05
1.18368993310199e+05
9.72176452093988e+04
1.16973197961515e+05
1.24403004570146e+05
1.09795693238701e+05
1.13629305911300e+05
1.20142941074829e+05
9.47528134285478e+04
1.18599764389105e+05
7.86302808084345e+04
7.16874009307730e+04
8.73341379318452e+04
8.64742303095892e+04
6.91838713839205e+04
7.50019836349009e+04
6.22070619482917e+04
7.10058124387659e+04
9.99343973752796e+04
1.01316965451749e+05
1.74364253152887e+05
1.80975905723847e+05
1.89901192690102e+05
2.06842577128016e+05
2.18628341166110e+05
2.12687930758572e+05
1.87254119691346e+05
2.11264356659430e+05
1.55797708481345e+05
8.17357356907879e+04
1.56737360929971e+04
2.53226845930786e+04
2.67871510072547e+04
2.93075130074966e+04
3.42946136689820e+04
2.57017299592369e+04
1.61136124935089e+04
2.72110698586246e+04
2.68372150986529e+04
2.47847790039970e+04
2.70928543741645e+04
2.72738908721234e+04
2.77652710646251e+04
1.39225007312716e+04
2.14889860621389e+04
2.01825378432563e+04
3.43535129162082e+04
2.22931106700922e+04
1.80173515152868e+04
2.53999689071746e+04
2.46334291244156e+04
2.33695692058772e+04
2.31496634309816e+04
3.93639253671247e+04
4.39443278525611e+04
5.35376637690692e+04
4.02073145059077e+04
5.15514435250954e+04
2.47517769715436e+04
2.70121909415713e+04
2.03669304901662e+04
2.98506020874814e+04
2.87803712726936e+04
2.17956043082970e+04
2.21149955698907e+04
2.20211382149976e+04
2.99190719221827e+04
2.75897004661178e+04
3.34545888835679e+04
3.02940020897263e+04
2.41188348854055e+04
2.53524940682393e+04
1.87087900974925e+04
1.95660105033202e+04
1.87947800770555e+04
2.46818843227295e+04
1.52025645898695e+04
1.78100800824580e+04
1.45586941642928e+04
1.23290240624484e+04
2.12934895104808e+04
1.65816937010773e+04
2.70236148876504e+04
4.21796672718662e+04
3.27781753466751e+04
4.24961582043913e+04
3.26475160706801e+04
3.83605084084528e+04
3.55843820948940e+04
3.54534959991175e+04
2.92167688707860e+04
3.94332868225831e+03
6.15160351520359e+03
6.45819197573601e+03
6.61033399305678e+03
7.00884161151523e+03
1.11511999772513e+04
-1.24803837438203e+03
2.60887324593625e+03
5.96773649853192e+02
7.60940707352508e+03
8.21215144696879e+03
6.77431370981330e+03
7.78951703150956e+03
2.40104663252043e+03
5.04841280838873e+03
5.09347033620514e+03
6.99578530064281e+03
8.82587625308392e+03
2.59178570985321e+03
1.98368700688189e+03
4.80168380251106e+03
5.29722064176671e+03
5.12887382813591e+03
6.07463916704253e+03
9.23601745750431e+03
1.14496521502882e+04
9.22491395453731e+03
1.22394134361360e+04
6.49150234713251e+03
5.56311935271655e+03
5.00522427494685e+03
7.26085896131396e+03
8.49046088665258e+03
4.72229681048054e+03
5.82136288633068e+03
5.54312737655184e+03
7.89433272899537e+03
1.01996169411069e+04
1.00733784999769e+04
9.86871501593458e+03
7.00137694963991e+03
8.02698304122859e+03
3.95742473799587e+03
6.66894959832192e+03
4.49552261460900e+03
5.98262798646589e+03
5.95500849159817e+03
5.91366461810096e+03
3.06165208101483e+03
4.41967117561594e+03
3.70721178668695e+03
3.34409730235076e+03
5.65368842787793e+03
8.10217206661863e+03
1.16643320088457e+04
4.30509311837632e+03
4.89926516903706e+03
5.52914690317070e+03
3.79774892756707e+03
6.12622594365747e+03
6.03010053423775e+03
3.14217056668759e+03
1.03892065053963e+03
1.77299791175177e+03
1.27738024941875e+03
1.10217673908014e+03
4.44635085486600e+02
-3.82462045717377e+03
-2.10628014472652e+03
-2.27884075095992e+03
2.67383595608737e+03
9.82533285543219e+02
1.27343152822690e+03
-4.28825097803655e+02
-2.40419404317362e+02
6.38676290286328e+02
8.56241134848764e+02
2.26465888388349e+03
1.27065768251997e+03
7.07805558468530e+02
-1.21612234883139e+03
1.03846452696386e+03
1.54477605270405e+03
1.00273686501449e+03
1.69325441353354e+03
1.99971868811315e+03
1.91670440710823e+03
1.77473674288998e+03
3.53495617704205e+02
1.09075026422426e+02
5.08422174506475e+02
1.18657666848926e+03
2.28733597121251e+03
1.10891632152400e+03
8.46449611388631e+02
1.52742516263501e+03
1.14157787709379e+03
2.74492505509682e+03
3.33967812747032e+03
2.37441668699245e+03
1.61026010485490e+03
2.19461120753349e+03
7.71616241847197e+02
1.05494616764045e+03
1.54815120988193e+03
6.20238110395879e+02
1.54282743855351e+03
1.95696820654824e+03
8.63030334104570e+02
6.22198546205235e+01
1.11628038564321e+03
-2.37012279719019e+02
1.17290958735813e+03
2.20951595861457e+03
1.52157627805145e+03
3.01250385102095e+03
-2.91617368575645e+03
-9.29513758562227e+02
-5.42984969519137e+02
-2.57879381571189e+03
2.90134812016061e+00
-2.13353841564417e+03
-1.40654299839389e+02
4.14532380417182e+02
1.06239382875839e+02
-1.84157268750207e+03
-5.48591759843590e+02
-4.02965427945169e+03
-1.83745631614929e+03
-2.30581646058737e+03
6.80379422972175e+02
-4.75157984014622e+02
-9.19235360031951e+02
-8.42771353183969e+02
-1.19537588602595e+03
-2.93436896589382e+02
-3.35791456418967e+01
9.63463971290681e+02
7.83684925656542e+02
3.70235881397631e+02
-1.25783788774489e+03
2.73815098801378e+02
6.76372656818519e+02
2.98823834179628e+02
7.64555161909225e+02
9.37462558301176e+01
7.29168867841805e+02
-1.05011587492874e+03
-9.31139822791760e+02
-1.04318899610371e+03
-9.89287028538908e+01
7.10180428354974e+01
3.69704149857714e+02
1.02716238926924e+02
1.49075806216941e+02
6.42670845962237e+02
-2.41580401305745e+02
1.15100725548356e+03
6.48417959060058e+02
-1.96935050628221e+01
4.32175557348170e+02
4.48174856487829e+00
-4.00807139665029e-02
-8.46216642326907e+01
4.94114646739414e+02
-4.49855761316740e+02
8.81844293266755e+02
2.45295290878317e+02
6.45400144241208e+01
-4.79589812623772e+02
-1.04852964157686e+02
-1.82606254453434e+02
7.47237434891694e+02
1.15079906147916e+03
1.88016668416543e+02
7.56952410386636e+02
-3.33793576515900e+03
-1.59269011916967e+03
-1.67838181135984e+03
-2.96196672087025e+03
-1.99911205108821e+03
-4.41809687218055e+02
1.35724479574166e+02
-8.27148552788655e+02
-1.58559397113121e+03
-6.54263498721744e+02
-3.06151470028556e+03
-1.41255929708183e+03
-2.05688024127670e+03
3.23048497955373e+02
-1.04662021445837e+03
-7.23880011245241e+02
-8.31591266405247e+02
-1.18339053286892e+03
-1.40116926881901e+02
-1.21423147696140e+02
1.12944988974535e+03
7.10461643524073e+02
4.76732096724117e+02
-1.01831149360539e+03
1.37741557500993e+02
6.97068517077430e+02
2.62880486993489e+02
5.58342827931732e+02
2.64496559027165e+02
1.55101970392842e+02
-1.00911174986314e+03
-8.99477068154346e+02
-8.38249168420552e+02
-1.29469952161453e+02
-3.64261293326065e+02
2.25019489541489e+02
1.86770094746588e+02
2.48333382864261e+02
3.37097494015653e+02
-4.65959200069273e+02
4.77962375106770e+02
-1.04220438276324e+02
-5.74273867627869e+01
-2.07285129604546e+02
-1.26275365989230e+02
-2.70618278562876e+02
-8.62707830878897e+01
2.24010206667637e+02
-2.50795845499357e+02
5.61304852862344e+02
1.36864412611580e+02
4.49462194530819e+01
-5.62499076683815e+02
1.84232133796431e+02
1.08071321741294e+02
7.56447924499794e+02
1.04936378653202e+03
-8.63389995874270e+01
3.17801030222233e+02
-2.73107778544388e+03
-1.73364900817076e+03
-1.41429146965052e+03
-3.25580414623915e+03
-3.69826578177483e+02
-2.57276711789624e+02
-5.26089441885101e+02
-1.22471430767369e+03
-2.81178130459725e+02
-2.36262643957490e+03
-1.04553740088310e+03
-1.55745966690289e+03
6.52644636930690e+01
-6.58671730671568e+02
-4.88214173633591e+02
-5.86729681728428e+02
-7.20361137176813e+02
7.65887491218995e+01
2.87683592069159e+02
1.24193229928921e+03
8.10516463322708e+02
6.06623725024975e+02
-6.86146531282156e+02
3.86735517924314e+02
8.26158371144773e+02
3.71265617433845e+02
9.15350413473043e+02
3.29679881012238e+02
3.36989337050073e+02
-6.45640873416556e+02
-5.26946588869741e+02
-5.23100742927533e+02
-1.18852271906669e+02
-1.48951453462855e+02
5.08660049733260e+02
4.98443836980315e+02
3.56512579534039e+02
3.88948992728109e+02
-4.47142692149323e+02
3.54728979233209e+02
1.35025545942916e+02
-1.14847131276005e+02
-7.81365539860402e+01
-9.20668297990730e+01
-6.08820564098297e+01
2.14834041604614e+01
4.84535397957115e+02
-1.35690305568955e+02
6.63338972394536e+02
2.82780171833637e+02
9.44293089275351e+01
-6.91945310744837e+01
4.95772723549766e+02
4.11340219554455e+02
9.37211408828476e+02
9.82820323729023e+02
-2.95899496793691e+01
3.86285615331198e+02
-2.52375525363097e+03
-1.34541023579871e+03
-1.56498995564943e+03
-4.51970396474347e+02
-5.08142885757612e+01
-2.36228508062231e+02
-7.77352696870092e+02
-1.48921614949626e+01
-1.80582248659844e+03
-6.51652691339071e+02
-1.31156845449043e+03
2.77774357497138e+02
-3.33615157026861e+02
-2.30157857358097e+02
-9.62724945592829e+01
-3.63975769888739e+02
4.79117374651960e+02
5.71111722727700e+02
1.34636905859657e+03
9.39992620349215e+02
8.07549215275387e+02
-1.90503651547718e+02
6.34667576003822e+02
9.85606444888129e+02
7.68989991290059e+02
1.09908863653372e+03
6.50292254175115e+02
6.16862499006262e+02
-2.19791375730252e+02
-1.73325086827703e+02
-3.07049779875306e+02
1.40844303167778e+02
2.65527221042688e+02
8.40266851810009e+02
7.13793965278070e+02
5.53335658859296e+02
5.17049665654825e+02
-2.53726082754944e+02
6.54561106574583e+02
2.76035518468409e+02
1.07343667361063e+02
1.26423187923752e+02
1.76321918661756e+02
1.27261923492977e+02
3.71741404974216e+02
5.91752271355972e+02
1.18736999640525e+02
8.07596501612202e+02
3.90798235260504e+02
4.75000248211769e+02
3.29512801911478e+02
7.81125168971550e+02
6.90106151568267e+02
9.76684824279275e+02
1.02326298031172e+03
1.60816597604051e+02
1.34286633967418e+02
-2.01516298446555e+03
-1.39119640038466e+03
-2.13148194964625e+02
1.46128735999583e+02
6.31515431048729e+01
-4.55785406237256e+02
2.25184051590121e+02
-1.32464854379229e+03
-4.99578356439303e+02
-8.85561105237330e+02
4.52667824065060e+02
-5.27397446562265e+01
1.98964608742922e+02
2.55928465126712e+02
6.58806264339634e+01
7.67438626379791e+02
7.69941232135308e+02
1.46445923610661e+03
1.13391208962766e+03
1.14872139359638e+03
2.25161718985039e+02
8.69230232112606e+02
1.32694241922574e+03
1.00604646003128e+03
1.38952609695780e+03
9.65623966268539e+02
8.99823397649972e+02
1.40300339158177e+02
5.98411625516023e+01
1.11647100719115e+01
5.18520652052899e+02
6.45833253186736e+02
1.05401785303979e+03
9.29100730237383e+02
7.58402019600006e+02
6.91738173249890e+02
1.57732964521648e+02
8.49421419692489e+02
5.07513445155234e+02
3.72217961368162e+02
4.39642885436686e+02
3.76237721748527e+02
4.72393170519857e+02
5.25234437417712e+02
7.70352320150920e+02
3.44418287141047e+02
8.93474742197005e+02
7.34498771404577e+02
7.75715904781666e+02
6.64594010292286e+02
1.01291066192432e+03
7.91813771389868e+02
1.07162254457228e+03
1.10519062883641e+03
-8.94193391518649e+00
2.69789002842607e+02
-1.92662564556645e+03
4.56793936152508e-01
3.38310534384335e+02
2.76874213566466e+02
-1.80870240701293e+02
4.35483917457751e+02
-1.10392996702034e+03
-2.06690698143791e+02
-5.54227909634394e+02
6.00744687477190e+02
3.63737470936781e+02
5.00926909747992e+02
6.39361635183347e+02
3.83396374524960e+02
9.47922658348591e+02
9.60203993313874e+02
1.62607207588014e+03
1.45589290910221e+03
1.43309441272613e+03
5.75708794026926e+02
1.22146940252647e+03
1.53092603265317e+03
1.30099223297097e+03
1.64502471830803e+03
1.23245866267406e+03
1.12938858169289e+03
3.72544771496238e+02
3.40865179165835e+02
4.04548908942571e+02
8.44416664757061e+02
8.90290087996218e+02
1.23613914748974e+03
1.13462153834739e+03
9.42669027292523e+02
1.00886126484912e+03
4.52722490655137e+02
1.04066238210089e+03
7.72658807007144e+02
6.76248608844882e+02
6.53512064229569e+02
6.88567811111587e+02
6.14098330508660e+02
7.07507149774558e+02
9.21351035866960e+02
4.97566823762720e+02
1.16721149619872e+03
1.00201308626492e+03
1.03561280986981e+03
9.19942594078666e+02
1.07926547564818e+03
9.29933200566414e+02
1.14850346097661e+03
8.59653445749357e+02
1.46638006210196e+02
9.95071838564659e+01
1.88055970950398e+02
4.74938513027624e+02
4.57741897860354e+02
3.73118900338688e+01
4.49810050919894e+02
-7.81388560229793e+02
2.14560958776146e+01
-2.92701846256449e+02
8.96123985423927e+02
6.53331856954833e+02
8.17525687192179e+02
9.18329873336975e+02
5.74520102391932e+02
1.11916660213493e+03
1.16839768281394e+03
1.89771938741366e+03
1.71858044862765e+03
1.66762540616117e+03
9.82472825497985e+02
1.43801520888734e+03
1.77087585017990e+03
1.54552528108222e+03
1.83742334080741e+03
1.43239677132554e+03
1.25385102607733e+03
6.22608182201145e+02
6.87797490793597e+02
7.29420779874104e+02
1.04158623938965e+03
1.07957621687024e+03
1.40709752939519e+03
1.29199486993407e+03
1.22482849302855e+03
1.23516013194465e+03
6.84598628261941e+02
1.26349514950963e+03
1.04121750680740e+03
8.66800116262580e+02
9.48131465797769e+02
7.96095703733255e+02
7.71651955274734e+02
8.51630158346937e+02
1.01907700380761e+03
8.07842965785219e+02
1.37585642961892e+03
1.23587629069056e+03
1.22775341634487e+03
1.00761663969161e+03
1.18867811939379e+03
1.01487190163865e+03
9.01719688909147e+02
9.29132336463358e+02
1.86448325778687e+01
3.26647113236509e+02
5.92620072701318e+02
5.92738048304273e+02
7.73239234890982e+01
5.90043322621668e+02
-5.21548770914147e+02
2.02651231592638e+02
8.32964744275726e+01
1.09326408482465e+03
9.47733581717117e+02
1.04710058593784e+03
1.07026660504243e+03
7.57422161970036e+02
1.30480210168347e+03
1.47026786074227e+03
2.11538526070447e+03
1.93350525405783e+03
1.95714495786125e+03
1.24653007128990e+03
1.67589568069474e+03
1.96303391810520e+03
1.72009649091880e+03
1.97136818843001e+03
1.53197918622220e+03
1.40144615364840e+03
9.38302012528451e+02
9.71620330020542e+02
9.26012857403244e+02
1.18831413490421e+03
1.25531133618230e+03
1.52586364059394e+03
1.53248418514743e+03
1.42917406368855e+03
1.38842099188142e+03
9.39590281131565e+02
1.47682139323557e+03
1.19644894525251e+03
1.12858462906043e+03
1.03643168122076e+03
9.20083733164015e+02
8.94261819262582e+02
9.51939587953514e+02
1.27756762252162e+03
1.04789150265477e+03
1.56538220176948e+03
1.40814036762672e+03
1.27255090904405e+03
1.13434562331175e+03
1.23643079281570e+03
7.87899649775383e+02
9.62809962737391e+02
7.50705826321290e+02
4.43260117281731e+02
6.74011006793287e+02
5.85203921319590e+02
2.19221309826089e+02
7.03796640348817e+02
-3.12590413570544e+02
5.11832729743401e+02
3.48608056881378e+02
1.30442411445679e+03
1.15858624924670e+03
1.15775896599486e+03
1.22020058039580e+03
9.49205645901440e+02
1.57784551844516e+03
1.71117759337133e+03
2.28961017123158e+03
2.19803108786294e+03
2.12755603344561e+03
1.51313207570214e+03
1.86227751366537e+03
2.08639743736738e+03
1.83771889730248e+03
2.01866276410207e+03
1.64851561254760e+03
1.62635510721710e+03
1.19187555754582e+03
1.13210139580752e+03
1.06988477746507e+03
1.32992036755269e+03
1.37227003070588e+03
1.72122456115678e+03
1.70546074226616e+03
1.55052221214732e+03
1.57610077977141e+03
1.16768891238987e+03
1.58374673164319e+03
1.42129583402476e+03
1.18476369037820e+03
1.13974343329536e+03
1.01276222198094e+03
9.82583732315008e+02
1.20425146396144e+03
1.47444460265237e+03
1.26624837752942e+03
1.70186844630641e+03
1.43887846249878e+03
1.36469784284321e+03
1.18725226910719e+03
9.81928102721211e+02
8.55917214772945e+02
7.85993962673243e+02
5.23284881745630e+02
6.42328726047607e+02
6.68453139680316e+02
3.38725257386378e+02
7.93420381180607e+02
2.51387759612182e+01
7.24893901547336e+02
6.10680138201106e+02
1.44892808070728e+03
1.25426640312172e+03
1.27601892581590e+03
1.38250747210959e+03
1.22522294874253e+03
1.79540012903979e+03
1.90562641792347e+03
2.51063820932930e+03
2.34843754724534e+03
2.31051620245084e+03
1.72170700069760e+03
1.97760688799302e+03
2.16133434834101e+03
1.87478863732310e+03
2.08548650059340e+03
1.84369266407997e+03
1.80309072393473e+03
1.32529394577292e+03
1.24647001676638e+03
1.21219019745715e+03
1.41748489052354e+03
1.55825388460970e+03
1.86172145493479e+03
1.79446007185693e+03
1.71237456189913e+03
1.74064742129885e+03
1.28888587289175e+03
1.76307725881972e+03
1.44254182899983e+03
1.26153259585763e+03
1.21420699987401e+03
1.08289133270678e+03
1.22104067634631e+03
1.39748426999107e+03
1.66059093180905e+03
1.42841071170783e+03
1.70783423597247e+03
1.52121016269902e+03
1.38511013628201e+03
9.48196297696194e+02
1.02866207505635e+03
6.96665046462673e+02
5.01105944317420e+02
6.91600188564460e+02
7.39966883744753e+02
4.34904295368642e+02
1.02594891766966e+03
2.62858739552613e+02
9.39767740939460e+02
7.98893023325221e+02
1.48954993253210e+03
1.36040305328890e+03
1.40945295418117e+03
1.63173404172376e+03
1.44645320278278e+03
1.97040522034444e+03
2.13784591003494e+03
2.62753399140673e+03
2.51263069049537e+03
2.44783859660791e+03
1.85130418119611e+03
2.04660808384892e+03
2.16512416939704e+03
1.93227039289696e+03
2.23086865838896e+03
1.99350165932502e+03
1.87068685326731e+03
1.41631599925541e+03
1.36717759682748e+03
1.29907603936536e+03
1.57466856866200e+03
1.69442953673719e+03
1.92071651953197e+03
1.92893697091693e+03
1.85030968962573e+03
1.80988217352442e+03
1.47760441862804e+03
1.74650488926809e+03
1.49058627500088e+03
1.31289607691360e+03
1.27339258225066e+03
1.30253545717367e+03
1.40290277039727e+03
1.58272648749149e+03
1.79557910853734e+03
1.45472892583670e+03
1.76878015113702e+03
1.52846485875384e+03
1.12762763860333e+03
1.00175473193882e+03
8.54678868062985e+02
5.51565326846812e+02
7.37458665222458e+02
7.96416237305022e+02
6.61043377522139e+02
1.17625988113051e+03
4.98366771625401e+02
1.08899708093367e+03
8.79825263723917e+02
1.55280987647358e+03
1.48322293535754e+03
1.63108113671599e+03
1.83067655678453e+03
1.62703050889322e+03
2.18015620458996e+03
2.26882815351072e+03
2.76147833633623e+03
2.63439113668439e+03
2.51519628622424e+03
1.93339899124354e+03
2.04914963434172e+03
2.19367265772618e+03
2.07047550872907e+03
2.33842235163970e+03
2.03806420244069e+03
1.90705559770831e+03
1.52069049980237e+03
1.43511726600468e+03
1.45527897939892e+03
1.69124388553252e+03
1.75057666426494e+03
2.03037403648711e+03
2.04112061572614e+03
1.89994972557146e+03
1.95268381403537e+03
1.47124946049773e+03
1.76375033661062e+03
1.51780306831116e+03
1.35823990155445e+03
1.48300335002441e+03
1.46988447639160e+03
1.58134050136239e+03
1.71864342885799e+03
1.79653801570711e+03
1.53637889269596e+03
1.75575900337853e+03
1.26224128292227e+03
1.16263554400541e+03
8.41929732255460e+02
