8.65624526765640e+03
7.44241619836349e+04
7.56913043275040e+04
1.16732833704869e+05
1.30181773079669e+05
1.95115050693122e+05
2.52954649751168e+05
2.73778841434325e+05
3.84617078955319e+05
3.52896787546603e+05
3.16730330903751e+05
2.66289304102055e+05
2.53685713287372e+05
2.04032116411981e+05
2.31591313989260e+05
2.07851608494539e+05
1.96909714303701e+05
1.42324024729167e+05
1.19988477863538e+05
1.85640737005232e+05
1.59888605536796e+05
3.55461791705621e+05
2.27107416894391e+05
2.22112120114972e+05
2.31819960408400e+05
1.84276071386513e+05
2.74539585564805e+05
2.87323258409623e+05
4.06018446123666e+05
3.36772470398770e+05
2.77056540220183e+05
2.57836218690719e+05
2.31304175689589e+05
1.79347688068757e+05
1.83291428460984e+05
2.09055590944406e+05
2.41083574147710e+05
2.46202621857482e+05
1.59426877899644e+05
2.13268477860382e+05
2.17663737373893e+05
1.96363678414686e+05
1.99189255632483e+05
2.23125168755387e+05
1.77012498535216e+05
2.06917942125567e+05
1.63183394596168e+05
1.09965056144923e+05
1.59890949896184e+05
1.42304278831583e+05
1.37754897950039e+05
1.25352911275937e+05
1.23903493739946e+05
1.29824689879467e+05
1.59483098110925e+05
2.07280829168855e+05
2.63656009587119e+05
3.71855749814021e+05
3.49049702642148e+05
3.46265388307617e+05
4.31542158681489e+05
3.78050972950277e+05
3.67349769445497e+05
3.09251871573075e+05
3.90848790192649e+05
1.74978070383977e+05
1.01848375777505e+05
6.62170898835256e+04
9.32300731112869e+04
1.82080263827431e+03
2.57180099833303e+04
1.78469013005566e+04
2.87588593719399e+04
4.17942678505243e+04
7.22027156531102e+04
5.41569540849437e+04
7.36718970787918e+04
7.03098934737329e+04
5.79366124159069e+04
8.73132022420160e+04
5.85655605833144e+04
5.93565945738119e+04
5.89765063123503e+04
7.23386956067209e+04
7.39389326994344e+04
4.05461562170069e+04
5.71211143290752e+04
4.40595978904307e+04
7.00698985826895e+04
4.92051514221455e+04
7.52139297680724e+04
6.59308557409361e+04
5.99011863755644e+04
5.73122431846470e+04
5.61963572215132e+04
9.57950920098543e+04
9.99105619085618e+04
1.42559365771733e+05
9.85796770128537e+04
1.34071908834859e+05
5.90102063264546e+04
7.30223702908722e+04
4.19003501606931e+04
7.30353039619887e+04
6.07258328557385e+04
5.43582484810912e+04
6.09879326451417e+04
4.17680368388693e+04
6.55359402410076e+04
6.13404549207113e+04
7.90040072400712e+04
7.07464082190950e+04
6.25497028253418e+04
5.85523332789842e+04
4.87402575652954e+04
5.18645178523051e+04
3.83481708831051e+04
5.62005501227907e+04
3.28207166873107e+04
4.57939848679163e+04
3.32443448144578e+04
3.54164354652772e+04
4.58355221685510e+04
4.26665955702978e+04
4.67111102328417e+04
9.61740072464394e+04
1.05104856807993e+05
1.02040906309841e+05
8.11503833374159e+04
1.11493302609831e+05
1.01656553298727e+05
5.93031578234097e+04
7.16650349827546e+04
6.86954514639604e+04
3.12231983635165e+04
1.96792135829667e+04
9.92092322460753e+03
-3.78858261869141e+03
1.01073938026206e+04
2.45193097247709e+03
1.00079539389699e+04
1.76672682991350e+04
5.99159479691481e+03
2.51478876851357e+04
2.40474241352948e+04
2.45991481507268e+04
1.41481648140803e+04
1.89863828197387e+04
1.63552819810956e+04
2.88831822738944e+04
2.27060015176232e+04
3.04084893355872e+04
1.94345202981708e+04
1.85511179783166e+04
2.41904324131310e+04
5.56244385178848e+03
2.92701966674501e+04
9.42811034481358e+03
2.07653429191568e+04
1.66707476146051e+04
1.15539138786069e+04
1.91522330353043e+04
1.02772757142932e+04
2.87729896179096e+04
3.09961731243285e+04
3.84232636632836e+04
4.17014263045861e+04
2.87312508506501e+04
1.75514146740025e+04
1.90646713474618e+04
1.93471113597926e+04
2.10284533312675e+04
1.60468490115994e+04
1.68308755793700e+04
2.21996108340986e+04
1.46483173108810e+04
3.10967689674714e+04
2.97152301049857e+04
3.23323488453253e+04
2.42770811103022e+04
2.50951614029364e+04
1.70897978545105e+04
2.11886865568777e+04
1.94215844847481e+04
9.85783168539854e+03
2.05997159840273e+04
1.59841739198454e+04
1.50904162539639e+04
1.67614635367906e+04
1.01620108749084e+04
1.52143437824727e+04
-2.42414722013981e+03
2.69098891333973e+04
3.61566936989126e+04
2.35625392343512e+04
2.11089656219905e+04
1.70320097397159e+04
3.74997899936119e+04
-1.93951576976995e+03
2.90628036155336e+04
2.14344653766656e+04
1.84176787979665e+04
7.56312756752633e+03
4.63964488825444e+03
-2.44611490307280e+02
1.27993944060491e+03
-3.86554835095261e+03
6.78788761045805e+03
-8.60991731234021e+03
4.43220648302999e+03
2.17410153082910e+03
1.00432272034588e+04
1.94415895148350e+03
7.96116493433234e+02
2.67123842679827e+03
5.99370952926884e+03
9.67435880111703e+03
6.52813556483032e+03
9.02925539824114e+03
6.79221210372840e+03
9.47217216652288e+03
-1.02175784552084e+03
3.02422434545516e+03
6.82327759737909e+03
9.62010393367492e+01
6.34325192234527e+03
2.66579852685389e+03
4.82703218247527e+03
-4.18146367460783e+02
8.65655093321597e+02
5.71596548136163e+03
7.12273104660304e+03
1.28350428307781e+04
8.02254106536281e+03
6.63714991606788e+03
3.03411531566936e+03
8.07263482375936e+03
1.67843182502613e+03
5.97302069149736e+03
2.69125807936685e+03
4.55728247820321e+03
6.39433531382807e+03
6.19934385696597e+03
1.27788576190382e+04
9.93717522812646e+03
1.04652298490661e+04
7.29300905380287e+03
8.56839069258439e+03
6.18593046387516e+03
7.39918669390026e+03
3.02519586933290e+03
3.47919226548549e+03
7.25842562532551e+03
4.45922197486706e+03
7.38423776044235e+03
1.75441342839963e+03
6.61987226428238e+03
-8.99340330352500e+03
2.11455406657604e+03
9.42212379262370e+03
2.53965122711368e+03
4.08428966137841e+03
-1.03790163990097e+03
1.02690586547369e+04
-1.41986992235082e+04
3.81314397251411e+03
7.51153965804807e+03
6.69606070610180e+03
2.00407411020406e+03
1.97648607744845e+03
-2.55871306128826e+03
-3.33345769038256e+03
1.13111396761027e+03
-8.71824516913328e+03
-1.52403543946848e+03
-4.89195632605373e+03
4.12931560170565e+03
-1.50991792688251e+03
-6.72331388790652e+02
-2.25391829250781e+03
-2.84983694570914e+02
2.23085473296730e+03
1.70540688417478e+03
3.22370132003234e+03
2.56748025322085e+03
5.55254910478305e+03
-4.53478546168473e+03
1.06595299791035e+03
1.31542254627149e+03
1.33616072682071e+03
-7.46784300375109e+01
1.49651598279692e+03
2.92698609533546e+03
-3.19401169189749e+03
-1.26360976427548e+03
-2.92721441881056e+03
1.48185143518053e+03
8.97616206540286e+02
3.13278552680000e+03
1.01091586482486e+03
9.08005925036928e+02
1.50745696056963e+03
-1.15909515800607e+03
1.43013855493382e+03
-3.81698348937745e+01
-1.47195140045972e+02
-9.05550130061734e+00
3.11749586351881e+03
1.99171123451049e+03
3.78307021673156e+03
3.71483448069488e+03
2.36911609111198e+03
4.39858407838851e+03
3.28037961304128e+03
2.67907873126776e+03
-2.04987650043423e+02
1.84099662066175e+03
-4.15357277430887e+02
2.32299261979432e+03
3.29816313221246e+03
-8.65696248169113e+02
4.49613137180430e+03
-8.71083726507987e+03
-1.38652836582040e+03
1.62825066729614e+03
-3.55074098335319e+03
1.31716827971718e+03
-3.84467882637356e+03
5.63399673924774e+03
-1.68777034353608e+04
-7.64548803284651e+02
-1.27120282641884e+02
3.33687274320409e+03
-2.78083203057551e+03
7.08494274438329e+02
-5.05438595470633e+03
1.64682558802779e+03
-9.46264123070462e+03
-1.75215694649732e+03
-7.10125708418664e+03
2.12585659039944e+03
-2.65050384495973e+03
-5.29582386543837e+02
-1.87623191452489e+03
-2.38817181054178e+03
-3.92399058128374e+01
-6.66140396847597e+02
2.21078605265975e+03
1.14884891192842e+02
4.11964154927200e+03
-4.38619649709727e+03
-4.61488032718814e+02
1.51788692245567e+03
-5.20967634497200e+02
1.40587340357767e+03
-1.24101797377113e+03
2.73842217063526e+03
-2.48901490372095e+03
-1.76847494625399e+03
-2.80454060632849e+03
-8.98443388279857e+02
-7.88309902553468e+02
6.78045456832313e+02
3.04257603773323e+02
-2.84659196550769e+02
9.24058297915019e+02
-3.24074479931266e+03
8.91110220561103e+02
-1.18775695120221e+03
-7.66960524219407e+02
-1.68966772459065e+03
3.84371408351273e+02
9.67106356286500e+02
-1.95053211169675e+02
2.05497471713230e+03
-3.66519859402118e+02
3.13182380833639e+03
1.66459873789678e+03
2.08716186621813e+03
-1.25611397534192e+03
1.02576681951799e+03
-6.00959720818344e+02
-6.92179057808586e+01
2.74381128006006e+03
-1.56780968581419e+03
3.74706817480191e+03
-7.28563626937423e+03
-1.75015393963402e+03
8.51757927543454e+02
-4.71720778787445e+03
9.27025915343112e+01
-2.92988899002467e+03
4.89554590407293e+03
-1.45012430992872e+04
-3.23062968279895e+03
-9.65505919883177e+02
1.33013393999716e+03
-3.73691740007916e+03
-5.31833846235670e+02
7.83204506864573e+02
-7.43007416652933e+03
-2.75021822180065e+03
-6.55815234999720e+03
9.32138771219359e+02
-2.68651129220280e+03
-5.67358354897779e+02
-1.19840381446998e+03
-1.93401292876723e+03
-7.95654444383286e+02
-1.54814526556668e+03
1.76273122231723e+03
-1.45998589012570e+01
2.84139027937370e+03
-3.71948771566509e+03
-5.35051458877129e+02
1.02628471397789e+03
2.00827395477504e+01
7.17767366822443e+02
8.52729489973786e+01
9.89787168524217e+02
-1.68198595377054e+03
-1.20405564625051e+03
-2.56299063938154e+03
-5.27276533272240e+02
-1.92848873309240e+03
5.91153125355337e+02
-2.51863056164172e+02
-1.23970848178199e+01
5.26189902244714e+02
-2.81729602178334e+03
1.26413716033651e+02
-9.59294681648216e+02
-9.88955258581626e+02
-1.64577042400665e+03
-3.66143715842630e+02
-3.42720218478608e+02
-2.42560907353084e+02
6.96356658770900e+02
-8.08801038480211e+02
1.97941378277282e+03
1.20247661753942e+03
1.53383166298097e+03
-8.38924611635804e+02
6.72303370032682e+02
-5.45090651030700e+02
1.70573770354290e+02
1.61060623635120e+03
-9.55046281014739e+02
3.41634648276112e+03
-6.02088217004232e+03
-1.41151964612574e+03
8.35386972918755e+02
-3.93179394924867e+03
-3.90544169622211e+02
-2.59471605564166e+03
5.36583863749909e+03
-1.21056821876911e+04
-3.10687700804979e+03
-1.93950152413361e+03
1.26744915975772e+03
-4.21382743769649e+03
-8.92973789518078e+02
5.05812542982293e+04
5.47457947054611e+04
8.03934168564003e+04
9.30130314244891e+04
1.40863139624340e+05
1.78214829165858e+05
1.92656776871108e+05
2.64385793129362e+05
2.42136455521303e+05
2.21536000656025e+05
1.90411020681476e+05
1.78001112671727e+05
1.47814818663069e+05
1.66681696637994e+05
1.54663665315398e+05
1.42171524101643e+05
1.05372471352200e+05
9.23141869748295e+04
1.34205847192932e+05
1.20396492315469e+05
2.42193358148536e+05
1.65293842227224e+05
1.59523253378473e+05
1.63924193241446e+05
1.34105277994740e+05
1.95978234652548e+05
2.11954356781886e+05
2.93584715847608e+05
2.50562223413278e+05
2.12118487070356e+05
1.93112420353820e+05
1.66292163319576e+05
1.31240522072747e+05
1.33725033204771e+05
1.52874200301228e+05
1.69662049614424e+05
1.72951409185611e+05
1.17084894596286e+05
1.50974564913400e+05
1.57807820663169e+05
1.46513323103363e+05
1.49912558988629e+05
1.61798065392204e+05
1.31123452313495e+05
1.47156293513805e+05
1.19033410691410e+05
8.40377417357814e+04
1.15321195822624e+05
1.04137229457819e+05
9.93793692067692e+04
9.16384595762045e+04
8.92155219772244e+04
9.44711752346344e+04
1.14456288702428e+05
1.43364275561016e+05
1.88792673668925e+05
2.66119459498450e+05
2.51995248340651e+05
2.46358817051019e+05
3.00878925713921e+05
2.71930259954236e+05
2.54622341030659e+05
2.15562625085106e+05
2.67551473963747e+05
1.26124687950402e+05
7.20814322005490e+04
4.63006803589029e+04
1.40983060794203e+04
1.15633095493584e+04
1.64848518331641e+04
2.71109671339291e+04
3.99721387145312e+04
3.37495941871851e+04
4.68924210565651e+04
4.58885839144169e+04
3.69121846960634e+04
5.03631222971153e+04
3.66182370945040e+04
3.93253610908310e+04
4.07735257945906e+04
4.74450595304857e+04
4.78409938162931e+04
2.85494269741739e+04
3.80560844594795e+04
2.78781984136473e+04
4.23038998297382e+04
3.30245648732635e+04
4.36552756407642e+04
4.10869711694551e+04
3.58621053391101e+04
3.52800541933534e+04
3.39422657239302e+04
5.57941645807001e+04
6.24807100508649e+04
8.58758433480497e+04
6.65982807830789e+04
8.19247439550134e+04
3.94253512597648e+04
4.41378138812961e+04
2.94397951041735e+04
4.47606081017092e+04
3.83752789655925e+04
3.40237949666763e+04
3.87557918530850e+04
2.88930375798135e+04
4.25369217618710e+04
4.41105130367511e+04
5.29052369329107e+04
4.77416130855798e+04
4.18786008206991e+04
3.85699975602401e+04
3.26444187113130e+04
3.47942318038679e+04
2.53324882625153e+04
3.45397038218292e+04
2.44529788869625e+04
2.95578326662068e+04
2.37309721414241e+04
2.32683539578185e+04
2.86550192421801e+04
2.29919967672631e+04
2.84641589057301e+04
6.16425325689443e+04
6.47502401133609e+04
6.03631830923271e+04
4.80995965770593e+04
6.76799171170553e+04
5.65204615717814e+04
3.54575508781091e+04
4.66831252556221e+04
4.29877606375170e+04
2.10081678658773e+04
1.24778098903844e+04
4.32862364511307e+03
9.04356400223471e+01
5.15913080726744e+03
6.24108023744319e+03
1.51694404980506e+03
1.18358361995218e+04
1.37094531700301e+04
1.31956282964763e+04
6.70521593613680e+03
8.78328658587282e+03
9.01527027029761e+03
1.63426390337216e+04
1.36913471670329e+04
1.71098560224953e+04
1.22844836781582e+04
1.23680168127288e+04
1.18649941307534e+04
3.00485285675688e+03
1.51242799102883e+04
5.80545431849011e+03
1.04841330587443e+04
9.45124636500166e+03
7.05976730147320e+03
8.94429426349285e+03
4.43624943825088e+03
1.36620106561961e+04
1.65545220367835e+04
2.12881429141812e+04
2.31985686763872e+04
1.59030941324505e+04
9.90783392994823e+03
1.09588274275857e+04
1.04525201545803e+04
1.10524708897858e+04
8.91103619433953e+03
8.93072692043706e+03
1.21068641942624e+04
9.55319312506145e+03
1.80052819004584e+04
1.84424291333399e+04
1.90727830405525e+04
1.48019772571488e+04
1.49986373181054e+04
1.11143417659540e+04
1.25766795883058e+04
1.07516534415291e+04
5.96576084443609e+03
1.13093099969480e+04
9.84668557994876e+03
9.60508431973466e+03
9.22400821388391e+03
6.83977117452214e+03
5.04821083186248e+03
-2.73862872512129e+03
1.45002561109732e+04
1.79913491559226e+04
1.19222440193509e+04
9.42098498602231e+03
1.01750694505270e+04
1.34368363183664e+04
-3.21594696083987e+03
1.51763610906511e+04
1.29026002748495e+04
9.61328496135527e+03
4.26817763614654e+03
-1.55686124624085e+03
-1.81435139301073e+03
-3.70852263408423e+02
-6.03536777068752e+03
-7.08095108076895e+02
9.99016531109137e+02
4.23736694349168e+03
2.03209110361839e+02
-6.18443603284199e+02
1.47007515023912e+02
2.83664863393915e+03
4.67429754767247e+03
4.05373410870228e+03
4.95181293192472e+03
5.16141177321681e+03
3.39490105687486e+03
-1.26750599174516e+03
1.97084513720300e+03
3.26096326787310e+03
5.27658284081954e+02
2.68500392760151e+03
2.46860876726256e+03
1.51420489324436e+03
-1.43878272928870e+03
-1.01228929113795e+03
1.82766845510352e+03
3.28035503638404e+03
6.15211545090791e+03
4.19961354476984e+03
3.05280506174544e+03
1.89776025696567e+03
2.84571594161645e+03
8.60626966531237e+02
2.53769299100777e+03
9.24568305443451e+02
1.54581745546054e+03
3.32314498094556e+03
3.78571435894829e+03
6.40362834916062e+03
5.98224469596694e+03
5.52434923326770e+03
4.91150991859787e+03
5.42034779763152e+03
4.13470007370899e+03
3.34573635679109e+03
1.73056137237706e+03
1.63168593881577e+03
3.32951291327314e+03
3.46049743041409e+03
3.28571472255624e+03
2.06687456744816e+03
6.43782377339350e+02
-6.15535259984919e+03
1.02275214233108e+03
2.65553633225436e+03
5.18572814519279e+02
6.37443598169229e+02
6.93189996135560e+02
-5.33972797114976e+02
-1.01735130129220e+04
1.18351809509626e+03
3.92829270277588e+03
2.27167395960165e+03
2.51976178930883e+02
-1.92631789063615e+03
-2.56861314191874e+03
-6.32753185836304e+03
-3.67124350792931e+03
-2.85494642999850e+03
1.00576176094536e+03
-1.40020167604237e+03
-1.00323759362041e+03
-2.14687850287282e+03
-8.00114513419596e+02
4.29349318681903e+02
1.27698066063359e+03
1.75168589452426e+03
2.39923946059391e+03
1.43856214282442e+03
-2.92032240025697e+03
8.07682850557506e+02
7.30074341021412e+02
8.20611213252008e+02
2.39574783776808e+01
1.06680184727079e+03
8.93264308657191e+02
-2.38373726277608e+03
-1.94612146914319e+03
-2.04797923911408e+03
-1.40964878892049e+02
4.03130523823483e+02
1.36566824985380e+03
3.81749781499324e+02
5.72578558496831e+02
-4.17879541955111e+02
-9.65604145516915e+02
3.16885586598638e+02
-6.26974855540487e+02
-8.88122052083137e+02
-3.66534592706747e+02
1.43226351576925e+03
8.89941527054271e+02
1.96337616216728e+03
1.66241937527856e+03
1.84582005075672e+03
2.96151753515963e+03
2.34912244382069e+03
1.06834940308143e+03
-2.58105818449095e+01
7.04767482282339e+02
-2.86179708652913e+02
1.74963727894944e+03
1.36321056682250e+03
7.19931753224507e+02
-8.40654718078936e+01
-5.60487724934841e+03
-5.99980487997821e+02
-9.09713615349136e+02
-2.47641880065314e+03
-5.76451840946248e+02
-1.42641433550791e+02
-2.03009934473719e+03
-1.09704960040695e+04
-1.57322219625625e+03
2.35828517435654e+02
2.88268681047377e+01
-2.18282773943306e+03
-2.12061578311546e+03
-6.09165715569378e+03
-4.00317330299010e+03
-3.72906755500021e+03
-1.44904030242662e+02
-1.78703710497461e+03
-7.80441349073577e+02
-1.62647881798367e+03
-1.56136681313943e+03
-8.57458623737682e+02
2.99157462183921e+01
1.23588048839034e+03
1.16884347012314e+03
6.74945130964054e+02
-2.62267750056054e+03
1.28445390602835e+02
7.69153403411249e+02
1.91789975989095e+02
6.77875281247017e+02
1.17836049346960e+02
4.53780165020894e+02
-1.67380411249402e+03
-1.85485459094766e+03
-1.77812556303795e+03
-1.14130822627522e+03
-5.93946697506383e+02
3.52848893791211e+02
4.86347848630920e+01
1.77683145094626e+02
-6.40778421000932e+02
-1.72978584286416e+03
-4.67925940264265e+01
-9.93832078364619e+02
-1.15120681267197e+03
-1.11366957225285e+03
-1.33924813560499e+02
9.12519278751630e+01
1.80493181882385e+02
4.83498861223452e+02
4.61490320336245e+02
1.98533509176489e+03
1.48620575009011e+03
7.89129537691281e+02
-3.24996646845488e+02
3.18474184716394e+02
-2.28636277210275e+02
6.94516194341483e+02
9.41046664407123e+02
6.28378552242249e+02
-1.13725367487562e+02
-4.54339828829341e+03
-5.71189557699889e+02
-9.80699298139530e+02
-2.71976920986382e+03
-1.06541575688474e+03
4.59082657008224e+02
-1.48395067292910e+03
-9.23848792584273e+03
-2.65076611497853e+03
-3.65254922682506e+02
-8.09267337093024e+02
-2.73029577918650e+03
-4.87253298579553e+03
-4.02277386515300e+03
-3.67496489818907e+03
-6.09666902927376e+02
-1.84123942045945e+03
-6.75385503752854e+02
-1.15284047658603e+03
-1.01152712898996e+03
-9.71682195516278e+02
-4.29804933516451e+02
9.65107503967078e+02
1.19936095103880e+03
2.80516152402354e+02
-2.26097560868243e+03
2.30915375078441e+02
5.84985828996919e+02
4.63311662342347e+02
5.89486851579448e+02
7.46542547214056e+02
6.91296998292357e+01
-1.40241498494465e+03
-1.25057699609114e+03
-1.39356882066610e+03
-7.53387096138518e+02
-9.24105974048193e+02
2.46179734031583e+02
5.94626259586362e+01
4.22119955437087e+02
-5.18474165257737e+02
-1.39505021704001e+03
-1.96395876453691e+02
-8.11962026227095e+02
-1.04460912705176e+03
-9.76153146428205e+02
-3.75632607483839e+02
-5.40700362468383e+02
7.52975250186657e+01
-5.03495839273237e+01
1.28945631632485e+02
1.43974430730695e+03
1.12923413090104e+03
6.19587639363773e+02
-4.99167264951219e+01
3.54176876859056e+02
-9.50781743903793e+01
9.43039790395518e+02
5.75178003566225e+02
8.22303446912797e+02
1.62341067848186e+02
-3.64057561309062e+03
-2.21808738332158e+02
-6.71633706783037e+02
-2.12900809331102e+03
-9.95141970273297e+02
5.91812463926559e+02
-7.60402565944721e+02
-7.43596795202172e+03
-2.38438111966821e+03
-7.40646339854416e+02
-8.13104324682602e+02
-2.68423678221349e+03
-3.25390972639099e+03
-3.47536897103464e+03
-7.43428563677206e+02
-1.83214153524162e+03
-6.74714448356633e+02
-9.49893760710125e+02
-5.59475287407025e+02
-4.17457944385748e+02
-3.04454881752424e+02
7.31204255277089e+02
1.23513331186135e+03
5.24815374870244e+02
-1.99649092489924e+03
3.26843187173218e+02
7.51002542958834e+02
4.81886501404130e+02
8.62226340598010e+02
8.56334087167841e+02
6.23764750142835e+02
-1.22450624139909e+03
-9.85026207725873e+02
-8.28295834173563e+02
-4.02904450793503e+02
-4.74761392445552e+02
1.68265937455505e+02
2.67478491673942e+02
7.23064942840949e+02
-7.25547924829229e+01
-9.71185120659241e+02
7.10127046843562e+01
-6.05961630770671e+02
-7.49685135720670e+02
-7.19708405400358e+02
-1.60235386114314e+02
-4.73109754889033e+02
-6.90471256073206e+01
4.86245612960943e+01
2.01278468239356e+01
1.36894972515855e+03
9.97080661217893e+02
6.03655674752216e+02
1.12666243122545e+02
6.13118791346229e+02
1.48697157155990e+02
1.14087856697253e+03
8.76094241348529e+02
8.14699450084197e+02
4.10682827280388e+02
-2.80120040083313e+03
9.45328481804266e+01
-2.67781574367322e+02
-1.58526372361466e+03
-6.23476102313833e+02
8.34087068961443e+02
-5.66784404332396e+02
-5.95302167211771e+03
-1.77906132463093e+03
-5.67793411232627e+02
-9.08581754261790e+02
-2.36055428430457e+03
-2.71719976710407e+03
-7.22979576929510e+02
-1.73502442890674e+03
-7.34243842239394e+02
-9.09154215743314e+02
-3.73887175745021e+02
1.11520762147211e+01
2.33606200608144e+02
8.36519244914957e+02
1.12506458665585e+03
6.94157991298607e+02
-1.41532928194641e+03
3.46582397602879e+02
8.58690910392819e+02
7.54199389905547e+02
9.33096991559798e+02
1.11802377317007e+03
8.32246269394006e+02
-5.07100672390593e+02
-7.59509117375820e+02
-5.13399071309879e+02
3.81910783470960e+01
-9.36113673716230e+01
5.58567590492021e+02
3.45641642037194e+02
1.00117301773340e+03
3.93902961859491e+02
-3.70292910013186e+02
3.94114116667504e+02
-2.47497503702625e+02
-4.63898235986039e+02
-4.04213806771495e+02
7.81370918583658e+01
-1.61443930388351e+02
1.49170165345493e+02
8.24326774449851e+01
2.18684356989735e+02
1.35135775082329e+03
1.15429838337435e+03
7.25817014226724e+02
2.93512494559437e+02
7.65770290755143e+02
4.82779358285609e+02
1.33955104822394e+03
1.12837304729807e+03
1.17829636034995e+03
4.64363915885654e+02
-2.17089856810611e+03
4.74117095755270e+02
3.82692606189864e+01
-1.04673146414408e+03
-2.96988793144742e+02
1.18119540335668e+03
-3.07172136654997e+02
-5.11167063256388e+03
-1.16963764630278e+03
-2.01298821811866e+02
-7.28823784254629e+02
-2.23755154930167e+03
-2.98471296045887e+02
-1.53674761078792e+03
-7.58871230048303e+02
-9.53739598892580e+02
-3.72209873828323e+02
1.53901308540792e+02
6.25849893863074e+02
1.22681949272147e+03
1.26446354514239e+03
6.48878357578997e+02
-1.00051668593373e+03
6.69867840038024e+02
8.62918106507259e+02
9.26689255539132e+02
1.20766897949055e+03
1.20999245254655e+03
1.06478707550012e+03
-1.06504335363411e+02
-1.29068019581224e+02
-2.44309170316461e+02
2.98790302098714e+02
3.28093057474278e+02
8.63857837553946e+02
7.47453290798440e+02
1.08515303352688e+03
7.31642425238244e+02
2.11226286240044e+02
8.55113714959204e+02
1.23981910333114e+02
-1.34495644418664e+02
-1.15764995718948e+02
3.14706166371857e+02
9.74072059029469e+01
4.65241398526375e+02
3.29762549463365e+02
3.40264345709973e+02
1.46660951919077e+03
1.26574589543751e+03
1.01741189616141e+03
5.58215993513987e+02
9.10547981900191e+02
6.89815737257349e+02
1.57744577053385e+03
1.33885735597250e+03
1.47372839174092e+03
7.72786977006367e+02
-1.81495826396371e+03
7.29450157743432e+02
3.93314272481659e+02
-6.64183989154291e+02
5.55970402193972e+01
1.43684782428004e+03
1.39226639220471e+01
-4.36831752701614e+03
-9.54342527733749e+02
1.74650817175830e+02
-4.14072307850270e+02
-1.92759735895204e+03
6.12428106946754e+04
7.03464140858839e+04
1.06136665172285e+05
1.35466818510214e+05
1.46022019982956e+05
2.01007207534484e+05
1.83739620413923e+05
1.68471054315356e+05
1.44415929086694e+05
1.36164322444701e+05
1.13309299769826e+05
1.28641074829541e+05
1.18843433930481e+05
1.09872673717884e+05
8.16681747844911e+04
7.07784361814150e+04
1.03574939143759e+05
9.12674048032718e+04
1.84418084687129e+05
1.25605883796448e+05
1.21560243709852e+05
1.24945998009447e+05
1.01725541101640e+05
1.49336275749765e+05
1.61141636700200e+05
2.23928161736857e+05
1.92195324797935e+05
1.63122414566687e+05
1.48395063751098e+05
1.27617634748204e+05
1.00596933794261e+05
1.02617642432385e+05
1.16741634319970e+05
1.29365202159929e+05
1.31933756143270e+05
8.97810004309210e+04
1.16508377320762e+05
1.21387180079600e+05
1.13927762719850e+05
1.16055692046713e+05
1.25064980512965e+05
1.01225106185281e+05
1.13405615605463e+05
9.16559985551838e+04
6.50140745417068e+04
8.88797417883146e+04
7.97868920778110e+04
7.68378419132554e+04
7.08208193945934e+04
6.86993021342038e+04
7.23795454140269e+04
8.60814504589227e+04
1.09596257397209e+05
1.43196235525874e+05
2.02332133252063e+05
1.91912884490663e+05
1.87131587751696e+05
2.28035743020027e+05
2.04301511803712e+05
1.93976268988380e+05
1.62718246973096e+05
2.03320668509386e+05
9.63552840339996e+04
9.86928867340015e+03
1.53371072671469e+04
2.45638028383505e+04
2.00734997636190e+04
2.98501553827465e+04
2.87565228839294e+04
2.35867946226299e+04
3.14300178572895e+04
2.31354072942836e+04
2.52780884338320e+04
2.65619456592954e+04
3.12344844995150e+04
3.14135403961157e+04
1.91897499902938e+04
2.42295582217445e+04
1.82702996882668e+04
2.67994871806945e+04
2.10427310788647e+04
2.82559718548484e+04
2.61548884607661e+04
2.30983034755147e+04
2.21063314322483e+04
2.11764119783512e+04
3.48209834099062e+04
3.93334972903430e+04
5.48821216592510e+04
4.28147236360914e+04
5.26442734760392e+04
2.56046643904425e+04
2.84677289312727e+04
1.87227583286007e+04
2.88136131721640e+04
2.42013716098435e+04
2.18309699356413e+04
2.48164707609106e+04
1.88828300325372e+04
2.81110876794906e+04
2.91065950741675e+04
3.49597382591500e+04
3.15695004820341e+04
2.80083178672502e+04
2.56126066458285e+04
2.18217829398048e+04
2.26425296879405e+04
1.66304320343054e+04
2.23636617284504e+04
1.61221727179400e+04
1.95660901510030e+04
1.57347831225711e+04
1.51495973100272e+04
1.69865999407815e+04
1.45946946508816e+04
1.71819593181358e+04
3.85974293044814e+04
4.09168397001738e+04
3.79450200379322e+04
2.99856682562686e+04
4.02412422314214e+04
3.52611070529867e+04
2.11623251926901e+04
2.96662478347420e+04
2.73498739250155e+04
9.18271741197613e+02
1.95338925602553e+03
-1.15538220032259e+03
5.97023268087934e+03
6.60665213903747e+03
7.20177620175880e+03
2.94150069235863e+03
4.41589914185689e+03
4.56254478193567e+03
9.04005985107642e+03
8.01052302295319e+03
1.01843412471840e+04
7.36472117586779e+03
6.51846274067243e+03
6.95680130195759e+03
1.29987241277284e+03
8.65548383421887e+03
3.38036294635769e+03
6.17451078900640e+03
5.37210363669308e+03
3.52456594088891e+03
4.62212328249105e+03
1.51132509730261e+03
7.06869110575651e+03
8.72642269125699e+03
1.19535225319786e+04
1.29080627134854e+04
9.13722368399848e+03
5.39947869161650e+03
5.83904620946515e+03
5.71400420349935e+03
5.71922267033606e+03
4.70929246096028e+03
4.64841031185938e+03
6.72723185789645e+03
5.30515579320849e+03
1.05317137799587e+04
1.06070730567707e+04
1.11991287806427e+04
9.10878795062109e+03
9.11242615987226e+03
6.90332921323255e+03
7.33895455438917e+03
6.26799556156263e+03
3.21604706331606e+03
6.74868135374685e+03
5.66106422660010e+03
5.80407598566203e+03
5.32124287404285e+03
2.56291950394025e+03
2.63262347003231e+03
-2.75655693290985e+03
7.23371698367337e+03
9.53984987124719e+03
6.12639087303284e+03
4.64030714444159e+03
2.93921567155766e+03
6.53095259928039e+03
-3.79851372933268e+03
7.99610076264015e+03
6.51579389528323e+03
-1.73557492156442e+03
-5.32936572458601e+03
-1.25800587705272e+03
-7.86926819964554e+02
1.86614295104693e+03
-6.76088005481748e+02
-8.33530962825402e+02
-4.65029525270887e+02
1.08158861541013e+03
2.48595357229448e+03
2.39013222880558e+03
2.91055312732026e+03
2.09028998803100e+03
1.89081295146813e+03
-9.29357561006554e+02
1.09765829206030e+03
2.00611000492800e+03
4.11387755824972e+02
1.63120952806862e+03
8.00660146861960e+02
3.78384940664239e+02
-1.49260688316810e+03
-1.14566765409290e+03
3.91943636198339e+02
1.49931224544077e+03
2.99374319209269e+03
2.27821967444618e+03
1.40071832439686e+03
5.41341076863005e+02
1.29244503827119e+03
-1.75006264057203e+02
9.54278100592140e+02
-3.11870179418021e+01
4.99858863872344e+02
1.40977798610834e+03
1.89526614057779e+03
3.32162678852964e+03
3.12153183310959e+03
3.39283637974737e+03
2.94500223950599e+03
3.32543239218221e+03
2.31085848181567e+03
1.95570080201170e+03
7.69423817092976e+02
1.13252890191671e+03
1.89484795821079e+03
2.07629760953221e+03
1.84938990339007e+03
-2.96867035694588e+01
1.94361488450228e+02
-4.20927397464791e+03
-3.05342054708666e+02
8.56197544890944e+02
-1.09442196415333e+02
-2.47829927311390e+02
-2.00458822291088e+03
-1.27183588860210e+03
-7.06428441728932e+03
-1.91105818292356e+02
1.10898078258369e+03
-5.05041042225181e+03
-2.76428817127158e+03
-2.68680673770674e+03
1.12327892540885e+02
-1.38527412510724e+03
-8.64280351191811e+02
-1.44385479522710e+03
-6.49112800196863e+02
2.93012244132589e+02
8.83138429034124e+02
1.15503944894946e+03
7.29057679383015e+02
8.15220193591703e+02
-1.61198460081999e+03
6.07209038015482e+02
6.92856330221164e+02
7.63372594731025e+02
2.44690307397283e+02
2.99261143420659e+02
7.90905934181835e+01
-1.75513747869326e+03
-1.32213100110473e+03
-1.45060483996022e+03
-1.09014904387315e+02
4.39717686760989e+01
8.88867192094887e+02
1.25133351834558e+02
1.84351136701131e+01
-3.00095237426822e+02
-9.42206497567769e+02
-1.67490664297925e+02
-7.14390824032099e+02
-7.03189506420974e+02
-5.08637864931608e+02
6.18548240850190e+02
2.97819920661084e+02
9.79521262554826e+02
1.21861736676404e+03
1.25368310143179e+03
1.89206876480311e+03
1.35179570799455e+03
7.88540968738825e+02
1.22782330474566e+01
7.53198441642077e+02
9.66748286184933e+01
1.31878511015279e+03
8.41333077121920e+02
-5.07204220695351e+02
2.29654968002433e+00
-3.50795983223034e+03
-8.93623068459540e+02
-8.07870369362513e+02
-1.33994728988930e+03
-6.73032574326005e+02
-2.09148150605092e+03
-1.73913137494434e+03
-6.84190362440684e+03
-1.48803948180636e+03
-8.67559185606084e+02
-2.66311498301631e+03
-2.98457842990901e+03
-4.68473200869604e+02
-1.50961640427741e+03
-6.57948329146529e+02
-9.91455004789977e+02
-7.93851468519244e+02
-1.53153705787569e+02
3.74731988699672e+02
8.96561802462877e+02
2.19757454585116e+02
5.65322285248532e+02
-1.31200722673128e+03
3.48940634707426e+02
8.40357054706797e+02
5.27892924813666e+02
7.54729371082643e+02
-4.22974290692185e+01
1.03369375902698e+02
-1.21187839953721e+03
-1.07775992732837e+03
-1.02196206996774e+03
-4.42667294093851e+02
-2.11763153353026e+02
4.84994150289363e+02
1.55372580730419e+02
4.98633728611529e+01
-1.73788676523942e+02
-1.08628441933672e+03
-1.85743309728088e+02
-7.39262479161799e+02
-6.63359823898905e+02
-7.35983509686055e+02
-5.05924805560285e+01
-1.17130989701511e+01
1.10797718053424e+02
7.04951316846059e+02
5.82634613210945e+02
1.42726802089779e+03
9.62749150178138e+02
7.25232084936493e+02
1.21417797319804e+00
7.20200099262382e+02
2.91501916639931e+02
9.15849575223170e+02
7.89788771566486e+02
-3.86501249365811e+02
1.51942350449174e+02
-2.60991227414325e+03
-6.59015809139225e+02
-6.17068929682620e+02
-1.17461294448580e+03
-7.24748546475677e+02
-1.46495797287635e+03
-1.28167498858392e+03
-5.44643541489208e+03
-1.79939113729217e+03
-1.04132475694136e+03
-2.66650635383322e+03
-6.68884840348939e+02
-1.49338469839136e+03
-5.92346861532729e+02
-6.69635337276930e+02
-3.54891315130091e+02
-1.38063998482127e+01
3.45915329534873e+02
8.54148647786937e+02
3.18084365782920e+02
4.67339039712247e+02
-9.15527984463486e+02
4.72619391189274e+02
8.29213836698085e+02
8.10745624973332e+02
7.97463270449095e+02
4.75940727784643e+02
7.63243975706988e+01
-7.70383246547558e+02
-6.12801884002553e+02
-6.37792484505456e+02
-2.08351895876567e+01
-1.88349704284237e+02
6.45069594814366e+02
3.02928419398486e+02
3.96639632889333e+02
1.37205255355518e+02
-6.39514769976826e+02
-6.93641165232104e+01
-4.62841243657073e+02
-4.50765124652510e+02
-4.91469563252585e+02
-1.38225169373406e+01
-1.60755141977974e+02
1.96096637506254e+02
5.05804283674708e+02
5.51946838568860e+02
1.22660942796248e+03
9.19529180251166e+02
7.46295281729948e+02
2.69162819378888e+02
8.49021188347562e+02
5.32517611738032e+02
1.18583992051172e+03
7.36697912479283e+02
-5.42843168941877e+01
3.84565453592442e+02
-1.91208549228252e+03
-2.55894349238377e+02
-3.00333374442492e+02
-6.27134687518980e+02
-5.16180446063560e+02
-1.13280685180406e+03
-7.43297146538587e+02
-4.25266389887063e+03
-1.43147950873145e+03
-1.05905633214486e+03
-5.70711552651624e+02
-1.42710991317229e+03
-6.06873749663563e+02
-5.71613911360771e+02
-7.62153573220749e+01
3.64261732160104e+02
5.79452802749345e+02
8.88468466301407e+02
4.72391825500638e+02
6.29048416291377e+02
-6.48015575188833e+02
6.74046258904095e+02
9.69672075956644e+02
9.10836535535007e+02
1.06384319926894e+03
6.49281667832671e+02
5.31732651800016e+02
-4.77315388285657e+02
-2.12995009784142e+02
-1.96436663042341e+02
3.01017131272029e+02
2.46433975129775e+02
7.51228692617342e+02
6.13887794548797e+02
6.87000839917652e+02
5.57077498679396e+02
-1.60114941679358e+02
2.88034276340420e+02
-1.73694791884496e+02
-1.56672025027586e+02
-2.19041461965547e+02
2.34349471681802e+02
2.02597235925056e+01
2.83264671308049e+02
6.73520788580235e+02
5.89905327681921e+02
1.30831332528064e+03
9.77986009592197e+02
8.90283138362197e+02
4.89491627672091e+02
1.07055170866285e+03
7.63860740040313e+02
1.42680729068579e+03
1.00980617562693e+03
1.27747392317794e+02
6.60356257105191e+02
-1.35060635079673e+03
5.42843369756873e+01
7.50709797510138e+01
-1.93834220470382e+02
-1.59575503554523e+02
-7.88277621083813e+02
-5.04964716512085e+02
-3.28048900015183e+03
-1.02282696330874e+03
-7.84233360491633e+02
-1.20260941041949e+03
-6.13423157262332e+02
-5.91556652308018e+02
-1.69397270193739e+01
5.73239553404877e+02
9.21370803968011e+02
1.06883675450602e+03
5.95847926552402e+02
8.01142020448458e+02
-3.08553501976053e+02
7.69201143940278e+02
1.15363646547417e+03
1.09507016447304e+03
1.17263826496021e+03
9.22045115063762e+02
7.34378384290183e+02
5.19242797563702e+01
7.00737365679825e+01
2.02207206968447e+02
6.40164427720612e+02
5.67918257773207e+02
1.10708128986387e+03
7.80386692612810e+02
1.01359582671328e+03
8.87183572133432e+02
3.28208945113640e+02
6.72198241020127e+02
2.14363822332017e+02
1.33397780067681e+02
5.35286015588848e+01
4.58476814748637e+02
2.86355083722564e+02
5.12670047349589e+02
8.09048040947029e+02
8.06679548971150e+02
1.36978349083097e+03
1.18178496446127e+03
1.06392362826458e+03
7.42627836161132e+02
1.25186680429238e+03
1.01446719720747e+03
1.60821874526176e+03
1.25385765011465e+03
4.74474208772366e+02
8.02506328804683e+02
-8.55471830168510e+02
3.21246881377879e+02
3.31945484439198e+02
2.38203455081081e+02
1.07460488986900e+02
-4.03899450347776e+02
-2.60553643322464e+02
-2.68372745613759e+03
-6.15828040195061e+02
-5.01644654436664e+02
-4.80203222408881e+02
-6.05586357428071e+02
-8.24311946352506e+01
5.71414490085669e+02
1.09093467488111e+03
1.31213110230095e+03
8.14822415625045e+02
9.12930744260443e+02
-9.75090133415688e+00
9.41506549835351e+02
1.21917373828758e+03
1.30381784052038e+03
1.33712548623065e+03
1.05237572626616e+03
9.74509704968315e+02
3.46900404880877e+02
5.12258388161320e+02
4.87783696515481e+02
9.68457806339204e+02
8.84502333278253e+02
1.35596570917083e+03
1.12668698703398e+03
1.16565860000106e+03
1.20284916591108e+03
7.03094322219823e+02
1.05228662248416e+03
6.12480930409784e+02
4.77561928263866e+02
3.22186522949539e+02
6.51761344334191e+02
4.96896832154930e+02
7.55437755646899e+02
1.00965712776834e+03
9.77940898562570e+02
1.52121956559496e+03
1.31239006396881e+03
1.30812818277981e+03
9.86085241089202e+02
1.45349845597446e+03
1.22012272040358e+03
1.78844371751001e+03
1.42628187106633e+03
7.76994525737996e+02
1.06707277089461e+03
-5.35793167205564e+02
5.88799458940427e+02
5.49804973246322e+02
5.21412023804553e+02
4.08412815155802e+02
-1.30759107790896e+02
1.94734097511534e+01
-2.18018965442117e+03
-4.18318041726041e+02
-2.08618721971226e+02
-4.92279033548305e+02
-1.36010422122835e+02
4.43820925233372e+02
1.05507561644901e+03
1.40570839742116e+03
1.06656691706397e+03
1.10294154654956e+03
1.92998178129135e+02
1.10676921408726e+03
1.34155079117357e+03
1.37648267055536e+03
1.52133991323789e+03
1.21718478984267e+03
1.08774500218020e+03
6.22442075931600e+02
7.54326258687500e+02
8.75340369630332e+02
1.19425724473975e+03
1.19946149109456e+03
1.59339941989698e+03
1.36037231841622e+03
1.46758899276955e+03
1.33133110666419e+03
1.02751476686846e+03
1.33472112916552e+03
9.85203381337334e+02
8.38237519284732e+02
6.24392477895349e+02
8.50360354531879e+02
6.55797540895927e+02
9.24185821399221e+02
1.19506133767157e+03
1.17519242772923e+03
1.63504687553433e+03
1.47769268863760e+03
1.44974694184926e+03
1.25716988633338e+03
1.64450326098848e+03
1.43095501882232e+03
1.93506269377689e+03
1.58827853024716e+03
9.88287854556882e+02
1.30567030914170e+03
-1.44966262989004e+02
7.37763623359348e+02
7.75176910486202e+02
7.52376149853795e+02
5.89029436371061e+02
1.67248661879804e+02
2.06522254069085e+02
-1.72306786188939e+03
-2.26569505523780e+02
-7.54653723350137e+01
-6.46111815372883e+01
3.41991739064912e+02
8.97246794668012e+02
1.32391885905392e+03
1.17036228522145e+03
1.31999792459040e+03
4.48583181002704e+02
1.20228931143902e+03
1.46726786991496e+03
1.49384414233442e+03
1.56923522468377e+03
1.39933372373769e+03
1.23117770555875e+03
7.71002693145488e+02
9.72599144998814e+02
1.08510353849450e+03
1.49971729146033e+03
1.41283206374693e+03
1.84862386231448e+03
1.57907805714071e+03
1.66371613573022e+03
1.59910320095131e+03
1.15992547820506e+03
1.57043864691127e+03
1.26150618780723e+03
1.17485371732833e+03
9.54462427953224e+02
1.08124969937030e+03
8.28228434843060e+02
1.03547238530892e+03
1.30916072527175e+03
1.34400849481334e+03
1.76434587956135e+03
1.60248249850899e+03
1.60062561227285e+03
1.41119109683066e+03
1.85721041541842e+03
1.62697242979105e+03
2.09011861770270e+03
1.72598061345434e+03
1.17687405916310e+03
1.46489458363479e+03
2.03393443994194e+02
9.87101932320989e+02
8.98384660272277e+02
9.88452232160152e+02
7.43930595263919e+02
3.45739913143381e+02
4.34605454798613e+02
-1.38666089405669e+03
-2.32916888094294e+01
5.87531433003280e+01
3.65224307697064e+02
7.72120710581859e+02
1.13493632119651e+03
1.10318400728468e+03
1.39680889147008e+03
7.11836015360939e+02
1.37014444944177e+03
1.53013590453129e+03
1.61463450736326e+03
1.65722717280057e+03
1.44568444161698e+03
1.39413264891834e+03
9.37144489808918e+02
1.07639834131228e+03
1.26490333656766e+03
1.64846935309166e+03
1.69185537384849e+03
2.00978247348992e+03
1.82355824625618e+03
1.84704074114901e+03
1.76622618937914e+03
1.42009696023615e+03
1.63064002146026e+03
1.48401690897917e+03
1.41968737591235e+03
1.26073154017465e+03
1.35125932174784e+03
1.02877671969266e+03
1.16809630528707e+03
1.36792445574793e+03
1.43884608103252e+03
1.86570321957490e+03
1.72762636079205e+03
1.71259429348307e+03
1.55919812774323e+03
1.95887795153251e+03
1.83619150427749e+03
2.23449369493563e+03
1.87205903134815e+03
1.33890885721647e+03
1.60587006160948e+03
4.51186391445598e+02
1.22292975812633e+03
1.12222806011863e+03
1.12278694505975e+03
9.20035046570624e+02
4.99423936927239e+02
5.58085263416540e+02
-1.04772639368949e+03
1.09785174700287e+02
2.01240753451652e+02
7.70006196465582e+02
9.88754144749248e+02
9.29728940275983e+02
1.31346606480657e+03
8.30961696917113e+02
1.55982478872243e+03
1.67057634591921e+03
1.67417225036300e+03
1.75487687305970e+03
1.52744163359167e+03
1.42599064632152e+03
1.11988205419409e+03
1.20613552220482e+03
1.33974057444171e+03
1.77116432883379e+03
1.82105108669980e+03
2.23153674041655e+03
1.97575453950607e+03
2.06710746214600e+03
1.92493082791658e+03
1.58352936462428e+03
1.82220319908146e+03
1.53601882185104e+03
1.61273090598803e+03
1.48082512549587e+03
1.60337690929998e+03
1.27479586979387e+03
1.33029318158159e+03
1.45885094745444e+03
1.47826110463724e+03
1.90236416122878e+03
1.82071686000310e+03
1.81965706113837e+03
1.66991032214200e+03
2.05619833778401e+03
1.93350939272130e+03
2.39305780012655e+03
2.00973057539359e+03
1.50461187196290e+03
1.73166139352038e+03
6.66794154703352e+02
1.37740061333837e+03
1.34085637737925e+03
1.35119909780870e+03
1.01535519968122e+03
6.77024724936827e+02
6.68584298103594e+02
-8.20337594948360e+02
2.81736001862341e+02
2.89743666225870e+02
9.59487435230972e+02
8.00895791870387e+02
1.12787182030223e+03
7.89104091817044e+02
1.61257765556164e+03
1.83470733648221e+03
1.81216082597990e+03
1.79637726743913e+03
1.62021128944142e+03
1.49208254270757e+03
1.16760271452927e+03
1.36152341837892e+03
1.44460304751265e+03
1.80003838324822e+03
1.92347587704314e+03
2.31620042476098e+03
2.18279971301163e+03
2.19803732492386e+03
2.12715170009834e+03
1.73906589612935e+03
1.93093562820395e+03
1.71630723009363e+03
1.63807976658778e+03
1.65042782826957e+03
1.77796321192337e+03
1.50344259224724e+03
1.54421419385820e+03
1.58220887729429e+03
1.55585928343828e+03
1.89017695560918e+03
1.85037976708521e+03
1.89402971150921e+03
1.77108388981095e+03
2.12519591331429e+03
2.02396321485757e+03
2.44922615184207e+03
2.15961846790491e+03
1.65804798797986e+03
1.86549276482870e+03
8.59369045796806e+02
1.51311674789223e+03
1.47934314055314e+03
1.57323821619201e+03
1.20445839073954e+03
7.78270287508066e+02
8.09915011938753e+02
-6.22248013739564e+02
3.72200302230702e+02
4.16556958130195e+02
7.83739397851344e+02
9.92782680586657e+02
6.41972009544247e+02
1.51060660747688e+03
1.86441024588533e+03
1.97328036028246e+03
1.91970733944037e+03
1.66205287092799e+03
1.57363289334764e+03
1.24610329067438e+03
1.38257943793643e+03
1.58238910306706e+03
1.86641832736583e+03
1.93620638327977e+03
2.37856385946259e+03
2.25881929485618e+03
2.38169836737182e+03
2.24434733754028e+03
1.94213833084476e+03
2.04111541972703e+03
1.81896465150886e+03
1.79828814824914e+03
1.65657514534737e+03
1.90792950491116e+03
1.66034025114952e+03
1.74294374570375e+03
1.76356626879878e+03
1.66790801426565e+03
1.92766278803683e+03
1.83257380631442e+03
1.90838924484910e+03
1.83940644511859e+03
2.18761081548837e+03
2.08953061452888e+03
2.50167314849229e+03
2.21295696848849e+03
1.81948211572024e+03
1.99182945089335e+03
1.05351729189596e+03
1.64147292615051e+03
1.60187866411006e+03
1.71322197877968e+03
1.39583424790291e+03
9.69535995914332e+02
8.85960736339731e+02
-4.11206425774758e+02
4.56697268528290e+02
4.77116126116547e+02
